0.0,-25.078491590111362
0.02,-25.09313966884731
0.04,-25.133753317751385
0.06,-25.196184815767232
0.08,-25.276933436236078
0.1,-25.37305414846073
0.12,-25.48202219659165
0.14,-25.601681830530183
0.16,-25.73017583863231
0.18,-25.86587524109493
0.2,-26.007363153543185
0.22,-26.1533544367998
0.24,-26.3027221747163
0.26,-26.45436763270969
0.28,-26.607459482938513
0.3,-26.761056157982285
0.32,-26.91424361827592
0.34,-27.06647579188123
0.36,-27.216804510846877
0.38,-27.364534800611324
0.4,-27.509342725961165
0.42,-27.650285988786713
0.44,-27.787051534440142
0.46,-27.91909455470754
0.48,-28.045897344844576
0.5,-28.167086541822567
0.52,-28.282318316440033
0.54,-28.39128403186752
0.56,-28.493811074539483
0.58,-28.589571925339442
0.6,-28.678479058072362
0.62,-28.760477922049628
0.64,-28.83547346069059
0.66,-28.90342873599785
0.68,-28.964493445466474
0.7,-29.018774158090057
0.72,-29.066312737382017
0.74,-29.107415975688873
0.76,-29.14226167439666
0.78,-29.171086707342667
0.8,-29.194262933005785
0.82,-29.21206220703885
0.84,-29.22488663913402
0.86,-29.233087760365688
0.88,-29.23706298832978
0.9,-29.23720521190479
0.92,-29.233927883452512
0.94,-29.22762093950203
0.96,-29.218667445121227
0.98,-29.207485566791085
1.0,-29.19439066324603
1.02,-29.17974913268029
1.04,-29.163891934051698
1.06,-29.14709465753425
1.08,-29.129635014283725
1.1,-29.11176680015424
1.12,-29.09367929614097
1.14,-29.07557168652577
1.16,-29.057577392975375
1.18,-29.039846177737953
1.2,-29.02250698846967
1.22,-29.005668963279977
1.24,-28.98937788833183
1.26,-28.97366165936315
1.28,-28.95857826146307
1.3,-28.944218059366403
1.32,-28.930525010404324
1.34,-28.917479131423104
1.36,-28.905186117072038
1.38,-28.893566423378807
1.4,-28.882624275321508
1.42,-28.872358923359933
1.44,-28.86268069590317
1.46,-28.853668124181233
1.48,-28.84522759980102
1.5,-28.83734924700458
1.52,-28.830021596220746
1.54,-28.823231990503935
1.56,-28.81688869114025
1.58,-28.81101946760104
1.6,-28.805611568081723
1.62,-28.800576941718955
1.64,-28.79597997016685
1.66,-28.791698036340232
1.68,-28.787795379768504
1.7,-28.784225574954167
1.72,-28.780944223681114
1.74,-28.777943915727285
1.76,-28.775217602298305
1.78,-28.772724170059107
1.8,-28.77049248241176
1.82,-28.76848284358342
1.84,-28.766690716527282
1.86,-28.765111962767516
1.88,-28.76367627215972
1.9,-28.762447607887648
1.92,-28.761357028013112
1.94,-28.760435592188283
1.96,-28.75968139093307
1.98,-28.759027544454174
2.0,-28.758538372064287
2.02,-28.75814778407417
2.04,-28.757855281273315
2.06,-28.75769294220734
2.08,-28.75766048833158
2.1,-28.75769294220734
2.12,-28.75779033171208
2.14,-28.758017736425227
2.16,-28.758310447976477
2.18,-28.758668716270083
2.2,-28.759125503743203
2.22,-28.75961592327385
2.24,-28.760172985399507
2.26,-28.760797156299773
2.28,-28.761488954734332
2.3,-28.762215857777466
2.32,-28.762978159514887
2.34,-28.763809472519
2.36,-28.76467703727085
2.38,-28.765547648363995
2.4,-28.766488622737388
2.42,-28.76746689738771
2.44,-28.768448914383175
2.46,-28.769468714292874
2.48,-28.770526676137845
2.5,-28.77158885439154
2.52,-28.77265522817487
2.54,-28.773760379567655
2.56,-28.774869955918295
2.58,-28.77598393385017
2.6,-28.777137308759986
2.62,-28.77826015486175
2.64,-28.77942262459334
2.66,-28.780554240678867
2.68,-28.781725703379948
2.7,-28.782865990104487
2.72,-28.784010508605636
2.74,-28.785159234388008
2.76,-28.786312142818957
2.78,-28.787469209128815
2.8,-28.78859405862233
2.82,-28.789722764048445
2.84,-28.790855302521297
2.86,-28.79195493539808
2.88,-28.793058115515205
2.9,-28.794127875013867
2.92,-28.79520091041369
2.94,-28.796240034982258
2.96,-28.797282178147334
2.98,-28.798327322460676
3.0,-28.79933796607709
3.02,-28.80031378580116
3.04,-28.80129214934784
3.06,-28.80227304250526
3.08,-28.80321858126139
3.1,-28.804128474545738
3.12,-28.80504048803126
3.14,-28.805916479979345
3.16,-28.806794398672288
3.18,-28.80763594061671
3.2,-28.808479227362096
3.22,-28.809285802386736
3.24,-28.81005543252323
3.26,-28.810826483598078
3.28,-28.811560292140538
3.3,-28.81229537123255
3.32,-28.812992928701238
3.34,-28.813691616352937
3.36,-28.814352521304126
3.38,-28.81501442574675
3.4,-28.815638303907544
3.42,-28.816263060209863
3.44,-28.816849563649818
3.46,-28.817397657853807
3.48,-28.81794641680385
3.5,-28.81849583813152
3.52,-28.819006606102757
3.54,-28.81951794125598
3.56,-28.819990444702636
3.58,-28.82042399469883
3.6,-28.820897417114423
3.62,-28.82129230043552
3.64,-28.821727053852328
3.66,-28.822122630339805
3.68,-28.822478930260743
3.7,-28.82283549580688
3.72,-28.823192326337903
3.74,-28.823549421212697
3.76,-28.823867060278516
3.78,-28.824145165024206
3.8,-28.824423428645055
3.82,-28.824701850838103
3.84,-28.824980431300126
3.86,-28.825219340292396
3.88,-28.82545836514961
3.9,-28.825697505680314
3.92,-28.82589687767935
3.94,-28.826096329763175
3.96,-28.826295861820736
3.98,-28.826495473740916
4.0,-28.826655220703437
4.02,-28.82681501864991
4.04,-28.826974867523347
4.06,-28.827094787564945
4.08,-28.827254725423334
4.1,-28.827374712138113
4.12,-28.827454719135055
4.14,-28.827574753393243
4.16,-28.82769481614534
4.18,-28.82777487379811
4.2,-28.827854944096973
4.22,-28.827935027034783
4.24,-28.828015122604384
4.26,-28.828055175123872
4.28,-28.828135289627745
4.3,-28.82817535161035
4.32,-28.82821541674553
4.34,-28.8282554850324
4.36,-28.828295556470064
4.38,-28.82833563105762
4.4,-28.82837570879418
4.42,-28.82837570879418
4.44,-28.828415789678846
4.46,-28.828415789678846
4.48,-28.828455873710723
4.5,-28.828455873710723
4.52,-28.828455873710723
4.54,-28.828455873710723
4.56,-28.828455873710723
4.58,-28.828455873710723
4.6,-28.828455873710723
4.62,-28.828415789678846
4.64,-28.828415789678846
4.66,-28.828415789678846
4.68,-28.82837570879418
4.7,-28.82837570879418
4.72,-28.82833563105762
4.74,-28.82833563105762
4.76,-28.828295556470064
4.78,-28.828295556470064
4.8,-28.8282554850324
4.82,-28.8282554850324
4.84,-28.82821541674553
4.86,-28.82817535161035
4.88,-28.828135289627745
4.9,-28.828135289627745
4.92,-28.828095230798624
4.94,-28.828055175123872
4.96,-28.828015122604384
4.98,-28.828015122604384
5.0,-28.827975073241056
5.02,-28.827935027034783
5.04,-28.827894983986457
5.06,-28.827854944096973
5.08,-28.827854944096973
5.1,-28.827814907367227
5.12,-28.82777487379811
5.14,-28.827734843390516
5.16,-28.82769481614534
5.18,-28.82769481614534
5.2,-28.82765479206347
5.22,-28.827614771145807
5.24,-28.827574753393243
5.26,-28.827534738806666
5.28,-28.827534738806666
5.3,-28.82749472738697
5.32,-28.827454719135055
5.34,-28.827414714051802
5.36,-28.827414714051802
5.38,-28.827374712138113
5.4,-28.82733471339488
5.42,-28.827294717822987
5.44,-28.827294717822987
5.46,-28.827254725423334
5.48,-28.82721473619681
5.5,-28.82721473619681
5.52,-28.82717475014431
5.54,-28.827134767266724
5.56,-28.827134767266724
5.58,-28.827094787564945
5.6,-28.827094787564945
5.62,-28.827054811039858
5.64,-28.827054811039858
5.66,-28.82701483769236
5.68,-28.826974867523347
5.7,-28.826974867523347
5.72,-28.826934900533704
5.74,-28.826934900533704
5.76,-28.826934900533704
5.78,-28.826894936724322
5.8,-28.826894936724322
5.82,-28.826854976096094
5.84,-28.826854976096094
5.86,-28.82681501864991
5.88,-28.82681501864991
5.9,-28.82681501864991
5.92,-28.82677506438666
5.94,-28.82677506438666
5.96,-28.82677506438666
5.98,-28.82673511330724
6.0,-46.97036910265735
6.02,-46.975119641817535
6.04,-46.98808367535779
6.06,-47.00750252158559
6.08,-47.03150833595183
6.1,-47.05866549845747
6.12,-47.087559090560454
6.14,-47.11685537822227
6.16,-47.14553647635826
6.18,-47.17272231770291
6.2,-47.19767042554211
6.22,-47.21970914882683
6.24,-47.238377717727346
6.26,-47.25329826825119
6.28,-47.264183406779566
6.3,-47.27085477419562
6.32,-47.273186244300696
6.34,-47.27113074943962
6.36,-47.264697892796875
6.38,-47.25394780212686
6.4,-47.238997137328745
6.42,-47.21998822151013
6.44,-47.197093885039386
6.46,-47.1705160703683
6.48,-47.140484088739605
6.5,-47.10720059497086
6.52,-47.070984832710415
6.54,-47.03213529052771
6.56,-46.99076765793333
6.58,-46.947243165183714
6.6,-46.901880214521256
6.62,-46.85484895258944
6.64,-46.80646411056977
6.66,-46.75696116044084
6.68,-46.7065670234646
6.7,-46.65549950526163
6.72,-46.60406370312905
6.74,-46.55236637187155
6.76,-46.50069679898742
6.78,-46.44913390748453
6.8,-46.39784268689548
6.82,-46.347085638925584
6.84,-46.29701088470176
6.86,-46.247531058836955
6.88,-46.198988270953656
6.9,-46.15138176275771
6.92,-46.10481054682904
6.94,-46.059363546495
6.96,-46.015003186807505
6.98,-45.97191498577899
7.0,-45.93004255716833
7.02,-45.88955613835421
7.04,-45.85026439467687
7.06,-45.81232326763576
7.08,-45.77576459881399
7.1,-45.740495717040346
7.12,-45.7065375851522
7.14,-45.67390674071969
7.16,-45.64261570732326
7.18,-45.612673399027244
7.2,-45.58384949566896
7.22,-45.55638394673348
7.24,-45.530159846296385
7.26,-45.505059376471365
7.28,-45.48108110061591
7.3,-45.45833862683274
7.32,-45.436594649629875
7.34,-45.41596092298293
7.36,-45.39631620769719
7.38,-45.37777008974568
7.4,-45.36008625760434
7.42,-45.34337377344439
7.44,-45.32762605307367
7.46,-45.31272275173758
7.48,-45.29865804902435
7.5,-45.285426073118394
7.52,-45.27290835119437
7.54,-45.26110000958207
7.56,-45.25010823731672
7.58,-45.23981572411864
7.6,-45.230106431615845
7.62,-45.2210879225457
7.64,-45.21275593003985
7.66,-45.2048849045695
7.68,-45.19769336189311
7.7,-45.19095697165874
7.72,-45.184783591745415
7.74,-45.17906055171481
7.76,-45.17378583400845
7.78,-45.16895754982328
7.8,-45.16468346878985
7.82,-45.160742808125136
7.84,-45.157134474788464
7.86,-45.153966641015124
7.88,-45.15112901126124
7.9,-45.14862077596921
7.92,-45.14644121455
7.94,-45.14458969703047
7.96,-45.14306568547569
7.98,-45.141759942821906
8.0,-45.14067221453622
8.02,-45.13991101630772
8.04,-45.13936741007534
8.06,-45.13904128908196
8.08,-45.13893258921159
8.1,-45.13904128908196
8.12,-45.13925869951435
8.14,-45.13969356313134
8.16,-45.14023722277057
8.18,-45.140998495703805
8.2,-45.141868735190506
8.22,-45.142956854078115
8.24,-45.14404532751637
8.26,-45.14535196292117
8.28,-45.14676805887653
8.3,-45.14818475095889
8.32,-45.14982013492704
8.34,-45.15145630927738
8.36,-45.1530932722484
8.38,-45.154949448074575
8.4,-45.156806631996915
8.42,-45.158664821433455
8.44,-45.16063340923012
8.46,-45.162712579433624
8.48,-45.16468346878985
8.5,-45.166765061521644
8.52,-45.168847892878674
8.54,-45.17104168104146
8.56,-45.173236833304756
8.58,-45.17532348754289
8.6,-45.17752128744328
8.62,-45.17972043874529
8.64,-45.18192093712083
8.66,-45.18412277822993
8.68,-45.18632595772081
8.7,-45.18853047122994
8.72,-45.19062599071304
8.74,-45.19283309296248
8.76,-45.194931063815275
8.78,-45.1971407380808
8.8,-45.19924114437401
8.82,-45.201342731368534
8.84,-45.20333479419212
8.86,-45.20543866950527
8.88,-45.20743289334134
8.9,-45.20942816350003
8.92,-45.21142447671092
8.94,-45.213310838419105
8.96,-45.215198124812645
8.98,-45.21708633311787
9.0,-45.21897546055513
9.02,-45.22075429997666
9.04,-45.222533948782655
9.06,-45.22420310255009
9.08,-45.22598431289831
9.1,-45.22765492649628
9.12,-45.22921480052367
9.14,-45.23077528572364
9.16,-45.2323363805193
9.18,-45.23389808333108
9.2,-45.23534877898157
9.22,-45.23679999625755
9.24,-45.23814004331744
9.26,-45.239592260145315
9.28,-45.24082146356801
9.3,-45.242162834751916
9.32,-45.24339281099876
9.34,-45.244623155659056
9.36,-45.24574196984889
9.38,-45.24697301568648
9.4,-45.247980507387204
9.42,-45.24910022956511
9.44,-45.25010823731672
9.46,-45.251116488848105
9.48,-45.25212498373089
9.5,-45.253021627575045
9.52,-45.25391846305655
9.54,-45.25481548987364
9.56,-45.25560054505613
9.58,-45.25638574629616
9.6,-45.257171093391015
9.62,-45.25795658613786
9.64,-45.25862998140835
9.66,-45.259303483411344
9.68,-45.25997709201882
9.7,-45.26065080710264
9.72,-45.26121231758276
9.74,-45.2617739018415
9.76,-45.262335559804576
9.78,-45.26289729139766
9.8,-45.26334672963574
9.82,-45.26379621491132
9.84,-45.264245747186294
9.86,-45.26469532642251
9.88,-45.26514495258183
9.9,-45.26548220297164
9.92,-45.26593191115452
9.94,-45.266269223018135
9.96,-45.26660656120081
9.98,-45.26683146793632
10.0,-45.267168849948234
10.02,-45.26739378588831
10.04,-45.26773121168464
10.06,-45.26795617679937
10.08,-45.2681811535756
10.1,-45.26840614200853
10.12,-45.268631142093376
10.14,-45.26874364650377
10.16,-45.26896866405752
10.18,-45.26908117719967
10.2,-45.26919369325121
10.22,-45.269418734080055
10.24,-45.269531258856155
10.26,-45.26964378653926
10.28,-45.269756317128746
10.3,-45.269756317128746
10.32,-45.26986885062403
10.34,-45.2699813870245
10.36,-45.2699813870245
10.38,-45.270093926329565
10.4,-45.270093926329565
10.42,-45.270206468538625
10.44,-45.270206468538625
10.46,-45.270206468538625
10.48,-45.270206468538625
10.5,-45.270206468538625
10.52,-45.27031901365108
10.54,-45.27031901365108
10.56,-45.27031901365108
10.58,-45.270206468538625
10.6,-45.270206468538625
10.62,-45.270206468538625
10.64,-45.270206468538625
10.66,-45.270206468538625
10.68,-45.270206468538625
10.7,-45.270093926329565
10.72,-45.270093926329565
10.74,-45.270093926329565
10.76,-45.2699813870245
10.78,-45.2699813870245
10.8,-45.2699813870245
10.82,-45.26986885062403
10.84,-45.26986885062403
10.86,-45.269756317128746
10.88,-45.269756317128746
10.9,-45.26964378653926
10.92,-45.26964378653926
10.94,-45.26964378653926
10.96,-45.269531258856155
10.98,-45.269531258856155
11.0,-45.269418734080055
11.02,-45.269418734080055
11.04,-45.26930621221154
11.06,-45.26930621221154
11.08,-45.26919369325121
11.1,-45.26919369325121
11.12,-45.26908117719967
11.14,-45.26908117719967
11.16,-45.26896866405752
11.18,-45.26896866405752
11.2,-45.268856153825354
11.22,-45.268856153825354
11.24,-45.26874364650377
11.26,-45.26874364650377
11.28,-45.268631142093376
11.3,-45.268631142093376
11.32,-45.26851864059476
11.34,-45.26851864059476
11.36,-45.26840614200853
11.38,-45.26840614200853
11.4,-45.26829364633527
11.42,-45.26829364633527
11.44,-45.26829364633527
11.46,-45.2681811535756
11.48,-45.2681811535756
11.5,-45.2680686637301
11.52,-45.2680686637301
11.54,-45.2680686637301
11.56,-45.26795617679937
11.58,-45.26795617679937
11.6,-45.26795617679937
11.62,-45.26784369278402
11.64,-45.26784369278402
11.66,-45.26784369278402
11.68,-45.26773121168464
11.7,-45.26773121168464
11.72,-45.26773121168464
11.74,-45.26761873350183
11.76,-45.26761873350183
11.78,-45.26761873350183
11.8,-45.26750625823618
11.82,-45.26750625823618
11.84,-45.26750625823618
11.86,-45.26750625823618
11.88,-45.26739378588831
11.9,-45.26739378588831
11.92,-45.26739378588831
11.94,-45.26739378588831
11.96,-45.26739378588831
11.98,-45.26728131645879
12.0,-2.373541356630624
12.02,-2.3037824546827292
12.04,-2.1097895252481607
12.06,-1.8095445855598926
12.08,-1.4173408297995178
12.1,-0.9438655328012036
12.12,-0.39713966358220304
12.14,0.21759531495536394
12.16,0.8966965778880049
12.18,1.6376399808953173
12.2,2.437074453923586
12.22,3.2927020882474087
12.24,4.198514718406272
12.26,5.147119977178993
12.28,6.1275620878402215
12.3,7.12590543264708
12.32,8.124063838872544
12.34,9.101919890232463
12.36,10.039727604653354
12.38,10.917839546091315
12.4,11.721287294961773
12.42,12.440547392411455
12.44,13.072614628931808
12.46,13.620336392986754
12.48,14.091605519574367
12.5,14.496831403070237
12.52,14.848816620293299
12.54,15.159929357192201
12.56,15.442169377260608
12.58,15.705971247030025
12.6,15.959672482874439
12.62,16.20942817751697
12.64,16.459559790807322
12.66,16.712073492598254
12.68,16.96753854614203
12.7,17.22510592962644
12.72,17.483153168286382
12.74,17.739332725150803
12.76,17.99113805828382
12.78,18.235948448316663
12.8,18.47120212450659
12.82,18.694515757623662
12.84,18.903708814786416
12.86,19.096827594922818
12.88,19.27217530257478
12.9,19.42829591534978
12.92,19.563945093311464
12.94,19.678146301862967
12.96,19.770148136133873
12.98,19.839549269500154
13.0,19.88618121901449
13.02,19.910208255741573
13.04,19.912256892520674
13.06,19.89326513484336
13.08,19.854627482534376
13.1,19.79812103510762
13.12,19.725853729739185
13.14,19.640197800920827
13.16,19.543702040576584
13.18,19.439108476776653
13.2,19.329040682948655
13.22,19.215845145555278
13.24,19.102044896349
13.26,18.98933899402576
13.28,18.87966608750307
13.3,18.77434912548258
13.32,18.674232388176968
13.34,18.58000650676984
13.36,18.49237579490526
13.38,18.411382282129313
13.4,18.336898555413608
13.42,18.269046187829403
13.44,18.20755937021572
13.46,18.151983486895475
13.48,18.101945036410935
13.5,18.05724534160892
13.52,18.017344992881963
13.54,17.981910350505423
13.56,17.95043076452299
13.58,17.922515979511573
13.6,17.89794918261194
13.62,17.876363031070117
13.64,17.85728775461677
13.66,17.840626792725352
13.68,17.82603102224435
13.7,17.813249642622964
13.72,17.80211024049305
13.74,17.792453102249826
13.76,17.78399124383613
13.78,17.77670143165485
13.8,17.77038336903131
13.82,17.76490446485706
13.84,17.760186783183123
13.86,17.756160262743027
13.88,17.752727224785517
13.9,17.74980261869704
13.92,17.747345356370527
13.94,17.745287642303524
13.96,17.743601628436945
13.98,17.742233163738042
14.0,17.74116482723218
14.02,17.74035290727974
14.04,17.73981753789119
14.06,17.739463250319915
14.08,17.739345621025038
14.1,17.7394338211291
14.12,17.739669662888918
14.14,17.74011438178207
14.16,17.740712446718323
14.18,17.74146823976689
14.2,17.742387244861884
14.22,17.743476051903265
14.24,17.744710418129607
14.26,17.74606466521906
14.28,17.74761082312685
14.3,17.749257333929947
14.32,17.751078025223002
14.34,17.753011184139293
14.36,17.755098144653303
14.38,17.757309384074517
14.4,17.75968852916378
14.42,17.762165676379446
14.44,17.76478391607486
14.46,17.767508059795254
14.48,17.77038336903131
14.5,17.7733728714613
14.52,17.776435513305806
14.54,17.779662058271956
14.56,17.782966169592388
14.58,17.78639544892514
14.6,17.78985602322282
14.62,17.793493801089422
14.64,17.797163016723058
14.66,17.80091234161104
14.68,17.80474182847972
14.7,17.808651522342206
14.72,17.812586261449514
14.74,17.816599089371337
14.76,17.820690026476434
14.78,17.824800646722696
14.8,17.82892774469525
14.82,17.833128686043878
14.84,17.837280299618538
14.86,17.84150157147635
14.88,17.845728872871756
14.9,17.84995914923742
14.92,17.85418938763894
14.94,17.85841661751261
14.96,17.8626379113601
14.98,17.866850385400333
15.0,17.871051200178957
15.02,17.87523756113594
15.04,17.87933562145624
15.06,17.88341205615202
15.08,17.88746425603413
15.1,17.891489658723817
15.12,17.895485748994307
15.14,17.89937487395308
15.16,17.90322826794769
15.18,17.90704360650665
15.2,17.91074121667503
15.22,17.914394860833074
15.24,17.918002406597555
15.26,17.92156176995833
15.28,17.925070915325318
15.3,17.928447152612073
15.32,17.93176802633889
15.34,17.935031692941877
15.36,17.938153907859014
15.38,17.941297266306805
15.4,17.94429466016222
15.42,17.947226933493596
15.44,17.95009252878425
15.46,17.952889935999472
15.48,17.955532224919345
15.5,17.958188465294302
15.52,17.96068594850857
15.54,17.963108865439434
15.56,17.96554311851748
15.58,17.96781363369409
15.6,17.970006015562742
15.62,17.97220740014699
15.64,17.974240615519378
15.66,17.97619254331984
15.68,17.978151418176644
15.7,17.97993823524928
15.72,17.981730781075996
15.74,17.983439000303928
15.76,17.985062072557625
15.78,17.986599221882816
15.8,17.988049716560525
15.82,17.989503859699944
15.84,17.990870429519596
15.86,17.992148782794096
15.88,17.993338319984257
15.9,17.994530257789116
15.92,17.995632637225903
15.94,17.996644946036845
15.96,17.99765897001521
15.98,17.99858229742306
16.0,17.999507040555805
16.02,18.000340519118474
16.04,18.001082350564946
16.06,18.001825086602086
16.08,18.002568726789487
16.1,18.003220153291675
16.12,18.003779069336776
16.14,18.004338493311437
16.16,18.004898425027264
16.18,18.00536542251198
16.2,18.005832772353866
16.22,18.006206905850686
16.24,18.00658126472935
16.26,18.006955848933345
16.28,18.007236934922034
16.3,18.007518147600447
16.32,18.007799486944617
16.34,18.007987116865415
16.36,18.008174803064318
16.38,18.008362545534204
16.4,18.00845643786854
16.42,18.00864426473152
16.44,18.00873819925838
16.46,18.00883214784763
16.48,18.00883214784763
16.5,18.008926110498383
16.52,18.008926110498383
16.54,18.008926110498383
16.56,18.008926110498383
16.58,18.008926110498383
16.6,18.00883214784763
16.62,18.00883214784763
16.64,18.00873819925838
16.66,18.00864426473152
16.68,18.00864426473152
16.7,18.008550344267938
16.72,18.00845643786854
16.74,18.008268667265835
16.76,18.008174803064318
16.78,18.00808095293055
16.8,18.007893294869806
16.82,18.007799486944617
16.84,18.00761191330905
16.86,18.007518147600447
16.88,18.00733065840605
16.9,18.007236934922034
16.92,18.007049530184794
16.94,18.00686218176119
16.96,18.006674889658306
16.98,18.00658126472935
17.0,18.006394057120815
17.02,18.006206905850686
17.04,18.006019810926016
17.06,18.005832772353866
17.08,18.00573927420219
17.1,18.005552320172022
17.12,18.00536542251198
17.14,18.00517858122909
17.16,18.004991796330366
17.18,18.004805067822836
17.2,18.004711724717957
17.22,18.00452508081035
17.24,18.004338493311437
17.26,18.004151962228217
17.28,18.00396548756767
17.3,18.00387227139808
17.32,18.003685881384627
17.34,18.003499547811277
17.36,18.003406402191818
17.38,18.003220153291675
17.4,18.003033960849027
17.42,18.002940885801433
17.44,18.00275477805804
17.46,18.002661745363977
17.48,18.00247572233544
17.5,18.0023827320027
17.52,18.0021967937046
17.54,18.00210384574096
17.56,18.00201091190209
17.58,18.001825086602086
17.6,18.001732195142676
17.62,18.00163931781148
17.64,18.00145360553717
17.66,18.00136077059577
17.68,18.00126794978603
17.7,18.001175143108803
17.72,18.001082350564946
17.74,18.000989572155323
17.76,18.00089680788079
17.78,18.0008040577422
17.8,18.00071132174042
17.82,18.0006185998763
17.84,18.000525892150698
17.86,18.00043319856447
17.88,18.000340519118474
17.9,18.000247853813562
17.92,18.00015520265059
17.94,18.000062565630408
17.96,18.000062565630408
17.98,17.99996994275388
18.0,18.04894500302012
18.02,18.048851372465105
18.04,18.048757755961805
18.06,18.048664153511105
18.08,18.048476990771036
18.1,18.048383430483437
18.12,18.048196352077532
18.14,18.04800932990323
18.16,18.04782236396759
18.18,18.047635454277664
18.2,18.04744860084049
18.22,18.047261803663105
18.24,18.04698171339951
18.26,18.046795056902337
18.28,18.046608456689526
18.3,18.046421912768082
18.32,18.046235425145
18.34,18.045955799285103
18.36,18.045769452438506
18.38,18.04558316191471
18.4,18.045396927720684
18.42,18.04521074986339
18.44,18.045024628349775
18.46,18.044838563186794
18.48,18.044652554381383
18.5,18.04446660194047
18.52,18.04428070587099
18.54,18.044187778977694
18.56,18.044001967478323
18.58,18.043816212367663
18.6,18.04363051365262
18.62,18.043537685445607
18.64,18.043352071336905
18.66,18.043259285436942
18.68,18.04307375595008
18.7,18.04288828288637
18.72,18.042795567515345
18.74,18.04270286625268
18.76,18.04251750605587
18.78,18.042424847123435
18.8,18.04233220230279
18.82,18.042146955000295
18.84,18.042054352520154
18.86,18.041961764155218
18.88,18.041869189906347
18.9,18.041776629774397
18.92,18.041684083760213
18.94,18.041591551864652
18.96,18.041499034088567
18.98,18.04140653043281
19.0,18.04131404089823
19.02,18.041221565485678
19.04,18.041129104196003
19.06,18.041129104196003
19.08,18.041036657030062
19.1,18.0409442239887
19.12,18.040851805072762
19.14,18.040851805072762
19.16,18.040759400283104
19.18,18.04066700962057
19.2,18.04066700962057
19.22,18.040574633086013
19.24,18.040574633086013
19.26,18.040482270680275
19.28,18.040482270680275
19.3,18.040389922404202
19.32,18.040389922404202
19.34,18.040389922404202
19.36,18.040297588258646
19.38,18.040297588258646
19.4,18.040205268244453
19.42,18.040205268244453
19.44,18.040205268244453
19.46,18.040205268244453
19.48,18.040112962362464
19.5,18.040112962362464
19.52,18.040112962362464
19.54,18.040112962362464
19.56,18.04002067061353
19.58,18.04002067061353
19.6,18.04002067061353
19.62,18.04002067061353
19.64,18.04002067061353
19.66,18.04002067061353
19.68,18.039928392998487
19.7,18.039928392998487
19.72,18.039928392998487
19.74,18.039928392998487
19.76,18.039928392998487
19.78,18.039928392998487
19.8,18.039928392998487
19.82,18.039928392998487
19.84,18.039928392998487
19.86,18.039928392998487
19.88,18.039928392998487
19.9,18.039928392998487
19.92,18.039928392998487
19.94,18.039928392998487
19.96,18.039928392998487
19.98,18.039928392998487
20.0,18.039928392998487
20.02,18.039928392998487
20.04,18.039928392998487
20.06,18.039928392998487
20.08,18.039928392998487
20.1,18.039928392998487
20.12,18.039928392998487
20.14,18.039928392998487
20.16,18.039928392998487
20.18,18.039928392998487
20.2,18.039928392998487
20.22,18.039928392998487
20.24,18.039928392998487
20.26,18.039928392998487
20.28,18.039928392998487
20.3,18.039928392998487
20.32,18.039928392998487
20.34,18.04002067061353
20.36,18.04002067061353
20.38,18.04002067061353
20.4,18.04002067061353
20.42,18.04002067061353
20.44,18.04002067061353
20.46,18.04002067061353
20.48,18.04002067061353
20.5,18.04002067061353
20.52,18.04002067061353
20.54,18.04002067061353
20.56,18.04002067061353
20.58,18.04002067061353
20.6,18.04002067061353
20.62,18.04002067061353
20.64,18.04002067061353
20.66,18.040112962362464
20.68,18.040112962362464
20.7,18.040112962362464
20.72,18.040112962362464
20.74,18.040112962362464
20.76,18.040112962362464
20.78,18.040112962362464
20.8,18.040112962362464
20.82,18.040112962362464
20.84,18.040112962362464
20.86,18.040112962362464
20.88,18.040112962362464
20.9,18.040112962362464
20.92,18.040112962362464
20.94,18.040112962362464
20.96,18.040112962362464
20.98,18.040112962362464
21.0,18.040112962362464
21.02,18.040205268244453
21.04,18.040205268244453
21.06,18.040205268244453
21.08,18.040205268244453
21.1,18.040205268244453
21.12,18.040205268244453
21.14,18.040205268244453
21.16,18.040205268244453
21.18,18.040205268244453
21.2,18.040205268244453
21.22,18.040205268244453
21.24,18.040205268244453
21.26,18.040205268244453
21.28,18.040205268244453
21.3,18.040205268244453
21.32,18.040205268244453
21.34,18.040205268244453
21.36,18.040205268244453
21.38,18.040205268244453
21.4,18.040205268244453
21.42,18.040205268244453
21.44,18.040205268244453
21.46,18.040205268244453
21.48,18.040205268244453
21.5,18.040205268244453
21.52,18.040205268244453
21.54,18.040205268244453
21.56,18.040205268244453
21.58,18.040205268244453
21.6,18.040205268244453
21.62,18.040205268244453
21.64,18.040205268244453
21.66,18.040205268244453
21.68,18.040205268244453
21.7,18.040205268244453
21.72,18.040205268244453
21.74,18.040205268244453
21.76,18.040205268244453
21.78,18.040205268244453
21.8,18.040297588258646
21.82,18.040297588258646
21.84,18.040297588258646
21.86,18.040297588258646
21.88,18.040297588258646
21.9,18.040297588258646
21.92,18.040297588258646
21.94,18.040297588258646
21.96,18.040297588258646
21.98,18.040297588258646
22.0,18.040297588258646
22.02,18.040297588258646
22.04,18.040297588258646
22.06,18.040297588258646
22.08,18.040297588258646
22.1,18.040297588258646
22.12,18.040297588258646
22.14,18.040297588258646
22.16,18.040297588258646
22.18,18.040297588258646
22.2,18.040297588258646
22.22,18.040297588258646
22.24,18.040297588258646
22.26,18.040297588258646
22.28,18.040297588258646
22.3,18.040297588258646
22.32,18.040297588258646
22.34,18.040297588258646
22.36,18.040297588258646
22.38,18.040297588258646
22.4,18.040297588258646
22.42,18.040297588258646
22.44,18.040297588258646
22.46,18.040297588258646
22.48,18.040297588258646
22.5,18.040297588258646
22.52,18.040297588258646
22.54,18.040297588258646
22.56,18.040297588258646
22.58,18.040297588258646
22.6,18.040297588258646
22.62,18.040297588258646
22.64,18.040297588258646
22.66,18.040297588258646
22.68,18.040297588258646
22.7,18.040297588258646
22.72,18.040297588258646
22.74,18.040297588258646
22.76,18.040297588258646
22.78,18.040297588258646
22.8,18.040297588258646
22.82,18.040297588258646
22.84,18.040297588258646
22.86,18.040297588258646
22.88,18.040297588258646
22.9,18.040297588258646
22.92,18.040297588258646
22.94,18.040297588258646
22.96,18.040297588258646
22.98,18.040297588258646
23.0,18.040297588258646
23.02,18.040297588258646
23.04,18.040297588258646
23.06,18.040297588258646
23.08,18.040297588258646
23.1,18.040297588258646
23.12,18.040297588258646
23.14,18.040297588258646
23.16,18.040297588258646
23.18,18.040297588258646
23.2,18.040297588258646
23.22,18.040297588258646
23.24,18.040297588258646
23.26,18.040297588258646
23.28,18.040297588258646
23.3,18.040297588258646
23.32,18.040297588258646
23.34,18.040297588258646
23.36,18.040297588258646
23.38,18.040297588258646
23.4,18.040297588258646
23.42,18.040297588258646
23.44,18.040297588258646
23.46,18.040297588258646
23.48,18.040297588258646
23.5,18.040297588258646
23.52,18.040297588258646
23.54,18.040297588258646
23.56,18.040297588258646
23.58,18.040297588258646
23.6,18.040297588258646
23.62,18.040297588258646
23.64,18.040297588258646
23.66,18.040297588258646
23.68,18.040297588258646
23.7,18.040297588258646
23.72,18.040297588258646
23.74,18.040297588258646
23.76,18.040297588258646
23.78,18.040297588258646
23.8,18.040297588258646
23.82,18.040297588258646
23.84,18.040297588258646
23.86,18.040297588258646
23.88,18.040297588258646
23.9,18.040297588258646
23.92,18.040297588258646
23.94,18.040297588258646
23.96,18.040297588258646
23.98,18.040297588258646
24.0,41.22539844274225
24.02,41.244518304262414
24.04,41.29696478477128
24.06,41.37750959685936
24.08,41.48085244053364
24.1,41.602946146121646
24.12,41.740090159500525
24.14,41.88912543970188
24.16,42.04725932942739
24.18,42.21189610916134
24.2,42.38099429642989
24.22,42.5527120602178
24.24,42.72541203090873
24.26,42.897501142578506
24.28,43.06808348921057
24.3,43.23566095127213
24.32,43.39958075742912
24.34,43.55877337168918
24.36,43.71267654994413
24.38,43.860764167475324
24.4,44.002420187263674
24.42,44.13722135529788
24.44,44.26479530208155
24.46,44.3849379663708
24.48,44.49747872749919
24.5,44.60228151405365
24.52,44.69915082181703
24.54,44.78813091833982
24.56,44.86911427346347
24.58,44.94235876689929
24.6,45.007740028494915
24.62,45.065412665233346
24.64,45.11559879503049
24.66,45.15836788373461
24.68,45.19397997973316
24.7,45.22262036152549
24.72,45.24454623507632
24.74,45.26003429236923
24.76,45.26938140588184
24.78,45.27290493324643
24.8,45.270936049302804
24.82,45.26383741381937
24.84,45.25198508811697
24.86,45.23574186630513
24.88,45.21552590903213
24.9,45.19175122660438
24.92,45.16474182035815
24.94,45.13499053277482
24.96,45.10285807885027
24.98,45.06867647077043
25.0,45.03281854843786
25.02,44.99572161842934
25.04,44.957588175619414
25.06,44.91882012316833
25.08,44.87964260110226
25.1,44.84033707903615
25.12,44.801070993121044
25.14,44.762173101084336
25.16,44.723764168591984
25.18,44.68593473977484
25.2,44.64885153891344
25.22,44.61276905171302
25.24,44.577611097465066
25.26,44.5434897857934
25.28,44.51050340166692
25.3,44.478627286117195
25.32,44.448043214830534
25.34,44.41870252070681
25.36,44.39054436228614
25.38,44.36361024643066
25.4,44.33793475826697
25.42,44.31343325094503
25.44,44.290128055105576
25.46,44.26815038947356
25.48,44.247174177476445
25.5,44.22743656775032
25.52,44.20871844632372
25.54,44.191138704979394
25.56,44.174587522885986
25.58,44.159067024165964
25.6,44.144578080671685
25.62,44.13089447959724
25.64,44.118241792707394
25.66,44.106392881734614
25.68,44.0954591123197
25.7,44.08521342591291
25.72,44.07587914152539
25.74,44.06722932307806
25.76,44.05926224376243
25.78,44.05197613075885
25.8,44.04536921092673
25.82,44.039327927109625
25.84,44.03396263572435
25.86,44.029048476461725
25.88,44.024807600349426
25.9,44.02101567370278
25.92,44.01767188410702
25.94,44.014886866756406
25.96,44.01254850063517
25.98,44.01054495661461
26.0,44.008987140017645
26.02,44.007763447433746
26.04,44.00687365929349
26.06,44.00642881913198
26.08,44.00620641255759
26.1,44.00631761471839
26.12,44.00676244587913
26.14,44.00742976005817
26.16,44.00831963783051
26.18,44.009432186044556
26.2,44.01076753731923
26.22,44.01232584941355
26.24,44.014107304467316
26.26,44.016000711710134
26.28,44.01811761176488
26.3,44.02034676266217
26.32,44.02268828375159
26.34,44.02514229804052
26.36,44.027820549314505
26.38,44.0304999807755
26.4,44.033292294208394
26.42,44.036197623497486
26.44,44.03921610424846
26.46,44.04223599853833
26.48,44.04536921092673
26.5,44.04850389654611
26.52,44.05175206267954
26.54,44.05500175657599
26.56,44.058252951338645
26.58,44.06150561997224
26.6,44.06487197173578
26.62,44.068127555199254
26.64,44.07149686398117
26.66,44.07475524931458
26.68,44.078127397839864
26.7,44.08138847127375
26.72,44.08476334143465
26.74,44.08802698839911
26.76,44.09129185808117
26.78,44.09444528002198
26.8,44.0977124713914
26.82,44.10086808255419
26.84,44.10402473059104
26.86,44.10706959933104
26.88,44.110115385573955
26.9,44.11316206632526
26.92,44.11609673094923
26.94,44.11903218301295
26.96,44.12185545638927
26.98,44.124679420193566
27.0,44.127504055919005
27.02,44.13021632113587
27.04,44.13292917203857
27.06,44.135529521810895
27.08,44.13801728862337
27.1,44.140618619032544
27.12,44.14299416604157
27.14,44.14537010173324
27.16,44.14774641493332
27.18,44.15000991108918
27.2,44.15227372980924
27.22,44.15442464752486
27.24,44.15646261193825
27.26,44.15861405554774
27.28,44.16053925011937
27.3,44.162464645011184
27.32,44.164390234209286
27.34,44.16620272555815
27.36,44.16790208319899
27.38,44.169714883373494
27.4,44.17130120837816
27.42,44.17288764636743
27.44,44.17447419395416
27.46,44.175947511883486
27.48,44.177420918670094
27.5,44.17878106298694
27.52,44.18014127855473
27.54,44.18150156322836
27.56,44.182748549719534
27.58,44.18388222123331
27.6,44.18512931053864
27.62,44.18614969467237
27.64,44.1872834941046
27.66,44.188303947952896
27.68,44.18932443340782
27.7,44.190231557387264
27.72,44.191138704979394
27.74,44.191932477988466
27.76,44.192839668126666
27.78,44.19363347737693
27.8,44.19431389824519
27.82,44.19510773730695
27.84,44.19578818309163
27.86,44.19635522971362
27.88,44.197035695586735
27.9,44.197602758568884
27.92,44.19816982873599
27.94,44.19862348993715
27.96,44.19919057264079
27.98,44.19964424366725
28.0,44.200097918929536
28.02,44.20043817810751
28.04,44.200891860588456
28.06,44.20123212508777
28.08,44.201572391810934
28.1,44.20191266072388
28.12,44.202139507865574
28.14,44.20247978035246
28.16,44.20270662984524
28.18,44.202933480260775
28.2,44.203160331588975
28.22,44.203387183819736
28.24,44.20350061027042
28.26,44.20372746383608
28.28,44.20384089094852
28.3,44.20395431827903
28.32,44.204181173589184
28.34,44.204181173589184
28.36,44.204294601566296
28.38,44.204408029756415
28.4,44.20452145815828
28.42,44.20452145815828
28.44,44.20463488677062
28.46,44.20463488677062
28.48,44.20463488677062
28.5,44.20463488677062
28.52,44.20474831559218
28.54,44.20474831559218
28.56,44.20474831559218
28.58,44.20463488677062
28.6,44.20463488677062
28.62,44.20463488677062
28.64,44.20463488677062
28.66,44.20463488677062
28.68,44.20452145815828
28.7,44.20452145815828
28.72,44.204408029756415
28.74,44.204408029756415
28.76,44.204294601566296
28.78,44.204294601566296
28.8,44.204181173589184
28.82,44.204181173589184
28.84,44.20406774582634
28.86,44.20395431827903
28.88,44.20395431827903
28.9,44.20384089094852
28.92,44.20372746383608
28.94,44.20372746383608
28.96,44.20361403694295
28.98,44.20350061027042
29.0,44.20350061027042
29.02,44.203387183819736
29.04,44.203273757592164
29.06,44.203160331588975
29.08,44.203160331588975
29.1,44.203046905811426
29.12,44.202933480260775
29.14,44.20282005493829
29.16,44.20282005493829
29.18,44.20270662984524
29.2,44.202593204982875
29.22,44.20247978035246
29.24,44.20247978035246
29.26,44.20236635595527
29.28,44.20225293179255
29.3,44.20225293179255
29.32,44.202139507865574
29.34,44.20202608417559
29.36,44.20202608417559
29.38,44.20191266072388
29.4,44.20179923751169
29.42,44.20179923751169
29.44,44.20168581454029
29.46,44.201572391810934
29.48,44.201572391810934
29.5,44.20145896932489
29.52,44.20145896932489
29.54,44.20134554708341
29.56,44.20123212508777
29.58,44.20123212508777
29.6,44.20111870333922
29.62,44.20111870333922
29.64,44.20100528183903
29.66,44.20100528183903
29.68,44.200891860588456
29.7,44.200891860588456
29.72,44.200891860588456
29.74,44.200778439588746
29.76,44.200778439588746
29.78,44.20066501884119
29.8,44.20066501884119
29.82,44.20055159834702
29.84,44.20055159834702
29.86,44.20055159834702
29.88,44.20043817810751
29.9,44.20043817810751
29.92,44.20043817810751
29.94,44.20032475812392
29.96,44.20032475812392
29.98,44.20032475812392
30.0,4.184518273878124
30.02,4.107365695635562
30.04,3.8933196132739796
30.06,3.562026760407825
30.08,3.131364498015701
30.1,2.6156480584873627
30.12,2.028950002651006
30.14,1.3836302485779393
30.16,0.6930030153065738
30.18,-0.029415266826635766
30.2,-0.7704904711710537
30.22,-1.5171399662839995
30.24,-2.2565266988088735
30.26,-2.976398050192502
30.28,-3.6664071166028434
30.3,-4.318307446594107
30.32,-4.9258166456117065
30.34,-5.485445657290481
30.36,-5.996027129172882
30.38,-6.459059044329562
30.4,-6.877982520778524
30.42,-7.2580684157453135
30.44,-7.60588023135206
30.46,-7.929090345750363
30.48,-8.236125138020395
30.5,-8.535430646681887
30.52,-8.835815325429769
30.54,-9.145469458973498
30.56,-9.47173605126084
30.58,-9.820007808333392
30.6,-10.193901660781073
30.62,-10.594107066362247
30.64,-11.018505517222444
30.66,-11.461395856098887
30.68,-11.915923045034527
30.7,-12.372603035833533
30.72,-12.82282597428355
30.74,-13.257753263747775
30.76,-13.670014227662609
30.78,-14.053577296141777
30.8,-14.40471175548476
30.82,-14.720546436642534
30.84,-14.99988342454947
30.86,-15.24241544796775
30.88,-15.448639800931657
30.9,-15.619517910578331
30.92,-15.756394334568823
30.94,-15.860840185418558
30.96,-15.934578273625437
30.98,-15.979440177131977
31.0,-15.99734511710455
31.02,-15.990288792673669
31.04,-15.960341658410039
31.06,-15.909637568816239
31.08,-15.840373874844483
31.1,-15.754799051966447
31.12,-15.655108948502038
31.14,-15.54369586935815
31.16,-15.422813805372572
31.18,-15.294259569414121
31.2,-15.160488771734281
31.22,-15.02319989071162
31.24,-14.884066750287403
31.26,-14.744780748420743
31.28,-14.606650232305233
31.3,-14.470779009379827
31.32,-14.338296892548318
31.34,-14.20970712996812
31.36,-14.085785980542115
31.38,-13.966932634354647
31.4,-13.853638854149514
31.42,-13.74581701935851
31.44,-13.643968481433475
31.46,-13.547590503402075
31.48,-13.457029746228503
31.5,-13.372117121353604
31.52,-13.292641543457803
31.54,-13.218361116513647
31.56,-13.149448961095702
31.58,-13.08518150349443
31.6,-13.025486592555097
31.62,-12.970279421057825
31.64,-12.919466408864979
31.66,-12.872329094147965
31.68,-12.829194537230334
31.7,-12.789562542207529
31.72,-12.753150552961689
31.74,-12.720081832851212
31.76,-12.689885321079759
31.78,-12.662496820494148
31.8,-12.637855411251632
31.82,-12.615520415824824
31.84,-12.595637538583516
31.86,-12.577783025572908
31.88,-12.5621108075483
31.9,-12.548399487156527
31.92,-12.536434985062801
31.94,-12.52619534974793
31.96,-12.517661523224309
31.98,-12.510447991473988
32.0,-12.504912701472858
32.02,-12.500676999817994
32.04,-12.497550747818174
32.06,-12.495713559232808
32.08,-12.495162660466422
32.1,-12.495529913085209
32.12,-12.496815713776245
32.14,-12.499205347171532
32.16,-12.502517752717232
32.18,-12.506572046154293
32.2,-12.511371689160471
32.22,-12.516920757215605
32.24,-12.523223931625106
32.26,-12.530100392750212
32.28,-12.537554409466427
32.3,-12.545777737806265
32.32,-12.554401519801969
32.34,-12.56342917506214
32.36,-12.573053266226044
32.38,-12.582900050520344
32.4,-12.593161675144597
32.42,-12.604033077409504
32.44,-12.614944987570274
32.46,-12.626282159781416
32.48,-12.637855411251632
32.5,-12.649666638157672
32.52,-12.661522996816128
32.54,-12.673815108852622
32.56,-12.685958396238378
32.58,-12.698541181942689
32.6,-12.710974381587867
32.62,-12.723652298521989
32.64,-12.736377543677724
32.66,-12.74914970015383
32.68,-12.761767699216444
32.7,-12.774631690671741
32.72,-12.787339257023916
32.74,-12.800090627810555
32.76,-12.8126819530821
32.78,-12.825314887749329
32.8,-12.83798902051225
32.82,-12.850293144729752
32.84,-12.862635081668694
32.86,-12.875014446472658
32.88,-12.88701637759857
32.9,-12.899052564961746
32.92,-12.91070588019352
32.94,-12.92239047060892
32.96,-12.9338965323274
32.98,-12.945222131608704
33.0,-12.956365395113576
33.02,-12.967324508843356
33.04,-12.978097717068202
33.06,-12.988683321245658
33.08,-12.999079678931327
33.1,-13.009285202683312
33.12,-13.01908510593098
33.14,-13.028904003262792
33.16,-13.038313583796977
33.18,-13.047740189172114
33.2,-13.056754033825847
33.22,-13.065567926349985
33.24,-13.074396161387178
33.26,-13.082806929754193
33.28,-13.091014276236468
33.3,-13.098800694326078
33.32,-13.106597750664427
33.34,-13.114188326864047
33.36,-13.121571481196355
33.38,-13.12852876493207
33.4,-13.135494153550585
33.42,-13.142031503115414
33.44,-13.148575854955528
33.46,-13.154690182258793
33.48,-13.160810509823678
33.5,-13.166717891711315
33.52,-13.172192586631608
33.54,-13.177671954556185
33.56,-13.182936511900273
33.58,-13.187985695371115
33.6,-13.192818971095663
33.62,-13.197435833883155
33.64,-13.201835806514927
33.66,-13.206238649071928
33.68,-13.210423991315595
33.7,-13.214391412492873
33.72,-13.218140517737279
33.74,-13.221670937472322
33.76,-13.225203141714037
33.78,-13.228516195573619
33.8,-13.231609780016349
33.82,-13.234704710561747
33.84,-13.237579774449792
33.86,-13.240234700576659
33.88,-13.242890602777331
33.9,-13.245326033848519
33.92,-13.24754076832939
33.94,-13.24975617302794
33.96,-13.25175060838179
33.98,-13.253745583051739
34.0,-13.255741095348663
34.02,-13.257515334031343
34.04,-13.259068139310296
34.06,-13.260621267090496
34.08,-13.261952775553599
34.1,-13.263284519867742
34.12,-13.264616499529932
34.14,-13.265726661998395
34.16,-13.266836987262012
34.18,-13.267947475029164
34.2,-13.268835982049351
34.22,-13.269724592735594
34.24,-13.270391118691174
34.26,-13.271057702811687
34.28,-13.271724345034004
34.3,-13.272391045294974
34.32,-13.272835544348117
34.34,-13.27328006914942
34.36,-13.273724619680154
34.38,-13.274169195921589
34.4,-13.27439149367796
34.42,-13.274613797854984
34.44,-13.274836108450314
34.46,-13.275058425461607
34.48,-13.275058425461607
34.5,-13.275280748886518
34.52,-13.275280748886518
34.54,-13.275280748886518
34.56,-13.275280748886518
34.58,-13.275280748886518
34.6,-13.275058425461607
34.62,-13.275058425461607
34.64,-13.274836108450314
34.66,-13.274836108450314
34.68,-13.274613797854984
34.7,-13.27439149367796
34.72,-13.274169195921589
34.74,-13.273946904588204
34.76,-13.273724619680154
34.78,-13.27350234119978
34.8,-13.27328006914942
34.82,-13.272835544348117
34.84,-13.272613291601855
34.86,-13.272391045294974
34.88,-13.271946572008705
34.9,-13.271724345034004
34.92,-13.271279910433154
34.94,-13.271057702811687
34.96,-13.270613306938358
34.98,-13.270391118691174
35.0,-13.269946761587455
35.02,-13.269724592735594
35.04,-13.269280274443561
35.06,-13.26905812500806
35.08,-13.268613845569773
35.1,-13.268169592057342
35.12,-13.267947475029164
35.14,-13.267503260440549
35.16,-13.267281162884785
35.18,-13.266836987262012
35.2,-13.266392837639806
35.22,-13.26617077258475
35.24,-13.265726661998395
35.26,-13.26550461647176
35.28,-13.265060544963243
35.3,-13.26483851898602
35.32,-13.264394486597308
35.34,-13.264172480190481
35.36,-13.263728486963538
35.38,-13.26350650014808
35.4,-13.26306254612485
35.42,-13.26284057892173
35.44,-13.262618618260719
35.46,-13.262174716574323
35.48,-13.261952775553599
35.5,-13.26173084108429
35.52,-13.26150891316873
35.54,-13.261065077008155
35.56,-13.260843168767797
35.58,-13.260621267090496
35.6,-13.260399371978574
35.62,-13.26017748343436
35.64,-13.259955601460177
35.66,-13.259733726058355
35.68,-13.259511857231217
35.7,-13.259289994981089
35.72,-13.259068139310296
35.74,-13.258846290221161
35.76,-13.25862444771601
35.78,-13.258402611797166
35.8,-13.258180782466955
35.82,-13.257958959727699
35.84,-13.25773714358172
35.86,-13.257515334031343
35.88,-13.257515334031343
35.9,-13.25729353107889
35.92,-13.257071734726685
35.94,-13.257071734726685
35.96,-13.256849944977048
35.98,-13.256628161832301
36.0,3.0872091938680115
36.02,3.0966946936667648
36.04,3.1235904632159985
36.06,3.164359287304409
36.08,3.2164336922086805
36.1,3.277203865151385
36.12,3.344573094223094
36.14,3.4164639649769555
36.16,3.4914823229750427
36.18,3.5677928573750535
36.2,3.64424182462335
36.22,3.719573444460045
36.24,3.7930046337753427
36.26,3.8632761051945295
36.28,3.9299673834946374
36.3,3.992211250597686
36.32,4.049454836844705
36.34,4.101209768372954
36.36,4.147137789148484
36.38,4.1869425051145575
36.4,4.220374917415926
36.42,4.247154542088182
36.44,4.267274425407305
36.46,4.2806605183339395
36.48,4.2872988963196
36.5,4.2872759700666645
36.52,4.280706806709745
36.54,4.267722352977042
36.56,4.248546369736566
36.58,4.223418909507467
36.6,4.192598714820475
36.62,4.156404518062787
36.64,4.115149797334941
36.66,4.0691946146524
36.68,4.018901940136613
36.7,3.9646487413291456
36.72,3.906808922111474
36.74,3.845790536745545
36.76,3.781962313730986
36.78,3.7157042747122584
36.8,3.647410606830894
36.82,3.577434431131293
36.84,3.5061166292377224
36.86,3.433826365645661
36.88,3.36085914220386
36.9,3.2875136914059864
36.92,3.2140720524993274
36.94,3.1408229732147865
36.96,3.0679911876154047
36.98,2.9958038517594074
37.0,2.9244652500605004
37.02,2.8541539243732053
37.04,2.785035723825306
37.06,2.717258132654282
37.08,2.650946727097041
37.1,2.5862083437722743
37.12,2.52314020071866
37.14,2.4618211786634063
37.16,2.402305339794042
37.18,2.3446656728326074
37.2,2.2889235783280557
37.22,2.235100954423684
37.24,2.1832097868440035
37.26,2.1333122071334913
37.28,2.0853443812868786
37.3,2.039293663115347
37.32,1.9952006635723343
37.34,1.9530107718015124
37.36,1.9127238730231315
37.38,1.8742751442919428
37.4,1.8376255817087825
37.42,1.8027930574902502
37.44,1.7697018048306465
37.46,1.7382731745252005
37.48,1.7085473405502913
37.5,1.6804110645546584
37.52,1.6538402921986577
37.54,1.6287792420415454
37.56,1.6052012875872868
37.58,1.5830484788117656
37.6,1.562292402369298
37.62,1.5428433048692987
37.64,1.5246716093788992
37.66,1.5077473246959816
37.68,1.4920098156649189
37.7,1.4773982334998987
37.72,1.4639121886670148
37.74,1.451460256034847
37.76,1.4400418537178463
37.78,1.4295655004384396
37.8,1.4200608345532197
37.82,1.4114061522384236
37.84,1.4036008722823294
37.86,1.3966141795827653
37.88,1.3904153087144056
37.9,1.384943321495411
37.92,1.3801978083813902
37.94,1.3760877420572548
37.96,1.3726128327680989
37.98,1.3697728279204988
38.0,1.3674768908401405
38.02,1.3657550785587071
38.04,1.364516657070097
38.06,1.363761553010821
38.08,1.3634897213167427
38.1,1.363640738547135
38.12,1.3642146126222998
38.14,1.3651509626420235
38.16,1.3664498303502197
38.18,1.3680810641191667
38.2,1.3700145178857286
38.22,1.37225026103333
38.24,1.3747883725091918
38.26,1.377538278993736
38.28,1.3805604925553079
38.3,1.3837644202881387
38.32,1.3871803537704197
38.34,1.3907781312953005
38.36,1.3945578162604133
38.38,1.3984589855125633
38.4,1.402511926231064
38.42,1.406686437742375
38.44,1.4109825581743398
38.46,1.4153398031878455
38.48,1.4198187133991942
38.5,1.4243587852485655
38.52,1.4289600271506078
38.54,1.4335921690182976
38.56,1.438285486614654
38.58,1.4430096999732447
38.6,1.44776480186735
38.62,1.4525204915573429
38.64,1.4573070461731805
38.66,1.462063857030628
38.68,1.4668211977128667
38.7,1.4715487425898506
38.72,1.4762767726408597
38.74,1.4809749566560944
38.76,1.4856432673808808
38.78,1.4902513606223273
38.8,1.4948295233786926
38.82,1.499377731070893
38.84,1.5038656350655601
38.86,1.5082932059388106
38.88,1.5126604157358643
38.9,1.5169672379268604
38.92,1.5212136473632913
38.94,1.5253996202350653
38.96,1.5294947986477394
38.98,1.5335294940213382
39.0,1.5375036866290264
39.02,1.5413870188061616
39.04,1.5452098101227194
39.06,1.548941703426618
39.08,1.5525826811187173
39.1,1.5561630697584121
39.12,1.5596525133808556
39.14,1.5630813423564784
39.16,1.5663888571409639
39.18,1.5696357349087564
39.2,1.5728219669351249
39.22,1.5758868540602338
39.24,1.5788910790474746
39.26,1.5818346355389525
39.28,1.5846568253666522
39.3,1.5874183352920452
39.32,1.5900888145347505
39.34,1.592698605516545
39.36,1.5952173584937637
39.38,1.5976450706763492
39.4,1.6000120861750597
39.42,1.602288056814585
39.44,1.604503327442497
39.46,1.606657896831259
39.48,1.608721418215648
39.5,1.6106938914300903
39.52,1.612636007581687
39.54,1.6144870753984357
39.56,1.616247095524174
39.58,1.6179767585453586
39.6,1.6196153749341655
39.62,1.6212236347113216
39.64,1.6227408494821505
39.66,1.6241973646384151
39.68,1.625593181021714
39.7,1.6269282995445513
39.72,1.6282330644306282
39.74,1.6294467899596248
39.76,1.6306301634608567
39.78,1.6317528427620975
39.8,1.6328148289583329
39.82,1.633816123147034
39.84,1.6347870683535886
39.86,1.63572766504679
39.88,1.6365772306534334
39.9,1.637426790833557
39.92,1.6382156631909233
39.94,1.6389438487498946
39.96,1.6396416892976102
39.98,1.6403091852822176
40.0,1.6409463371444784
40.02,1.6415228049806154
40.04,1.6420992700305026
40.06,1.6426150521596663
40.08,1.6431004920799999
40.1,1.6435555901521675
40.12,1.643980346719972
40.14,1.6443444225128494
40.16,1.644708497128905
40.18,1.6450725705597018
40.2,1.645375964173872
40.22,1.645649017713832
40.24,1.645922070574824
40.26,1.6461647836561635
40.28,1.6463771571579915
40.3,1.646559191256713
40.32,1.6467412250483984
40.34,1.6468929196395006
40.36,1.6470446140160404
40.38,1.647135630538721
40.4,1.6472569857815704
40.42,1.6473480021229934
40.44,1.647408679640672
40.46,1.6474693571236891
40.48,1.6474996958521868
40.5,1.6475300345720048
40.52,1.6475603732831374
40.54,1.6475603732831374
40.56,1.6475603732831374
40.58,1.6475300345720048
40.6,1.6475300345720048
40.62,1.6474693571236891
40.64,1.6474390183865155
40.66,1.647378340886163
40.68,1.6473480021229934
40.7,1.6472569857815704
40.72,1.6471963081774081
40.74,1.647135630538721
40.76,1.6470446140160404
40.78,1.6469535974158982
40.8,1.6468625807384254
40.82,1.6467715639837541
40.84,1.646680547152017
40.86,1.646559191256713
40.88,1.6464681742456657
40.9,1.646346818111761
40.92,1.6462558009221222
40.94,1.6461344445505737
40.96,1.6460130880436579
40.98,1.6458917314016872
41.0,1.6457703746249746
41.02,1.6456793569542034
41.04,1.645557999942444
41.06,1.6454366427968017
41.08,1.6453152855175888
41.1,1.6451939281051182
41.12,1.6450725705597018
41.14,1.6449512128816526
41.16,1.644829855071283
41.18,1.644708497128905
41.2,1.6445871390548317
41.22,1.644465780849376
41.24,1.6443747621092517
41.26,1.6442534036746272
41.28,1.6441320451094796
41.3,1.6440106864141206
41.32,1.6439196673073386
41.34,1.643798308384862
41.36,1.6436769493330343
41.38,1.6435859299594644
41.4,1.6434645706820241
41.42,1.6433735511396033
41.44,1.6432825315250381
41.46,1.6431611719269532
41.48,1.6430701521445625
41.5,1.6429791322904665
41.52,1.642888112364797
41.54,1.6427970923676856
41.56,1.642706072299265
41.58,1.6426150521596663
41.6,1.6425240319490215
41.62,1.642463351769187
41.64,1.6423723314404253
41.66,1.6422813110409697
41.68,1.6422206307354563
41.7,1.6421296102184701
41.72,1.6420689298347249
41.74,1.6420082494197554
41.76,1.641917228738841
41.78,1.641856548245982
41.8,1.6417958677220355
41.82,1.6417351871670405
41.84,1.6416745065810359
41.86,1.6416138259640616
41.88,1.6415531453161556
41.9,1.6414924646373574
41.92,1.6414317839277068
41.94,1.6414014435613231
41.96,1.6413407628054657
41.98,1.6412800820188531
42.0,28.162893400445945
42.02,28.182724715963268
42.04,28.237569149778327
42.06,28.321488848337435
42.08,28.4294247954749
42.1,28.556972615288473
42.12,28.70039271712317
42.14,28.85649748034598
42.16,29.022516799666416
42.18,29.19612844547863
42.2,29.37537604812689
42.22,29.558438383506026
42.24,29.74409913872551
42.26,29.93087792178372
42.28,30.117909179524847
42.3,30.304200855353333
42.32,30.488783390187795
42.34,30.671263954399492
42.36,30.85083535464567
42.38,31.027111402605726
42.4,31.199436857570007
42.42,31.367429801952007
42.44,31.530706256069685
42.46,31.68900669985337
42.48,31.84181893509468
42.5,31.989004109270336
42.52,32.13017639217516
42.54,32.26507499606365
42.56,32.39344332462384
42.58,32.51513830425057
42.6,32.6299139361066
42.62,32.73754330338049
42.64,32.83791681871286
42.66,32.93093860353592
42.68,33.01637077580081
42.7,33.09434580516323
42.72,33.16470720320623
42.74,33.227573838993436
42.76,33.28297189252469
42.78,33.33115265759766
42.8,33.37215112986154
42.82,33.406356445637854
42.84,33.43398268825222
42.86,33.4554196185907
42.88,33.47106210832999
42.9,33.4813473866453
42.92,33.48675153750707
42.94,33.48775435165558
42.96,33.48485297242789
42.98,33.47855183919675
43.0,33.46933610699316
43.02,33.45770355499815
43.04,33.444075447610956
43.06,33.42887450525567
43.08,33.412495256971965
43.1,33.39529967777438
43.12,33.37757902302358
43.14,33.35961763258081
43.16,33.341664459373234
43.18,33.32385507348854
43.2,33.30640532584983
43.22,33.289423421910044
43.24,33.273028930946424
43.26,33.257316726417585
43.28,33.24227845088388
43.3,33.22796853880585
43.32,33.214465225805824
43.34,33.201752304750215
43.36,33.189764861679805
43.38,33.178547040566656
43.4,33.168095090617804
43.42,33.15836205543802
43.44,33.149298655563015
43.46,33.14088954021543
43.48,33.13315036662435
43.5,33.125957818087045
43.52,33.119326635453795
43.54,33.113235476787295
43.56,33.10763123089546
43.58,33.10249380238905
43.6,33.09777334742817
43.62,33.09345196952977
43.64,33.08951209275783
43.66,33.0859087995908
43.68,33.08262737632399
43.7,33.079653716156805
43.72,33.076948146773915
43.74,33.07449944756366
43.76,33.07229706530706
43.78,33.07030616539368
43.8,33.06849412054015
43.82,33.06690316547977
43.84,33.06547754212838
43.86,33.06421196936461
43.88,33.06310166014749
43.9,33.06214233615138
43.92,33.0613071303048
43.94,33.06059328218257
43.96,33.05999840318095
43.98,33.05949778075194
44.0,33.059112657449084
44.02,33.05881916536002
44.04,33.0585940008423
44.06,33.05848161393538
44.08,33.05843669565494
44.1,33.05845915218886
44.12,33.05854903044634
44.14,33.0587290370588
44.16,33.05893194286572
44.18,33.0592257730902
44.2,33.05956589954258
44.22,33.05995278830704
44.24,33.06038696644145
44.26,33.06086902152565
44.28,33.06139960114937
44.3,33.06195615808805
44.32,33.06256243995506
44.34,33.06321924085875
44.36,33.06388005789728
44.38,33.06459252153821
44.4,33.065333552299364
44.42,33.06607946676324
44.44,33.066878855607925
44.46,33.06768374591513
44.48,33.068518762778126
44.5,33.069359582419295
44.52,33.07023117312328
44.54,33.07110887150993
44.56,33.07201799640868
44.58,33.0729335368412
44.6,33.07385546901564
44.62,33.07478376887386
44.64,33.075718412091014
44.66,33.076659374075156
44.68,33.07760662996684
44.7,33.07856015463878
44.72,33.07951992269548
44.74,33.08045899180582
44.76,33.08140391417891
44.78,33.082354665746436
44.8,33.0833112221994
44.82,33.08424598365967
44.84,33.08518617714715
44.86,33.086131779723814
44.88,33.08705472132935
44.9,33.087954520292335
44.92,33.08885905045035
44.94,33.089768291983
44.96,33.09065359368467
44.98,33.091543279817145
45.0,33.09240842355957
45.02,33.093248599970934
45.04,33.09409256603323
45.06,33.09491101119122
45.08,33.095732960696054
45.1,33.096528860489386
45.12,33.09729833790263
45.14,33.09807080144493
45.16,33.09881636016976
45.18,33.099534674328766
45.2,33.10025550434812
45.22,33.100978840986215
45.24,33.10164409362828
45.26,33.1023114375172
45.28,33.10298086541594
45.3,33.10362180216179
45.32,33.10423397150989
45.34,33.1048478458802
45.36,33.105432600757965
45.38,33.10598798954917
45.4,33.10654474655122
45.42,33.107071825222725
45.44,33.10760011718756
45.46,33.108098438377446
45.48,33.1085978283282
45.5,33.1090669744619
45.52,33.109505687234545
45.54,33.10994521196782
45.56,33.11038554668573
45.58,33.11079515245815
45.6,33.11117386708699
45.62,33.11155317273861
45.64,33.11193306815422
45.66,33.11228182263193
45.68,33.112599300453034
45.7,33.11291718541666
45.72,33.113235476787295
45.74,33.11352228588965
45.76,33.11380942304614
45.78,33.11409688771725
45.8,33.1143526863829
45.82,33.114576721843974
45.84,33.11483300388993
45.86,33.11505746172232
45.88,33.115250010720516
45.9,33.11544270407484
45.92,33.115635541623604
45.94,33.11582852320493
45.96,33.11598945109732
45.98,33.11615047880586
46.0,33.116311606236515
46.02,33.11644057991775
46.04,33.11660188661103
46.06,33.11673100358021
46.08,33.11682788305055
46.1,33.116957111296806
46.12,33.117054074169396
46.14,33.11715107275177
46.16,33.11724810702348
46.18,33.11731281635525
46.2,33.1173775415338
46.22,33.11747465900104
46.24,33.11753942376997
46.26,33.11757181208938
46.28,33.11763660059432
46.3,33.11766900077832
46.32,33.117733813005586
46.34,33.11776622504733
46.36,33.11779864104014
46.38,33.11783106098325
46.4,33.1178634848759
46.42,33.1178634848759
46.44,33.11789591271733
46.46,33.11789591271733
46.48,33.11792834450678
46.5,33.11792834450678
46.52,33.11792834450678
46.54,33.11792834450678
46.56,33.11792834450678
46.58,33.11792834450678
46.6,33.11792834450678
46.62,33.11789591271733
46.64,33.11789591271733
46.66,33.11789591271733
46.68,33.1178634848759
46.7,33.1178634848759
46.72,33.11783106098325
46.74,33.11783106098325
46.76,33.11779864104014
46.78,33.11776622504733
46.8,33.11776622504733
46.82,33.117733813005586
46.84,33.11770140491566
46.86,33.11766900077832
46.88,33.11766900077832
46.9,33.11763660059432
46.92,33.11760420436442
46.94,33.11757181208938
46.96,33.11753942376997
46.98,33.11750703940694
47.0,33.11750703940694
47.02,33.11747465900104
47.04,33.11744228255305
47.06,33.11740991006372
47.08,33.1173775415338
47.1,33.11734517696406
47.12,33.11731281635525
47.14,33.11728045970814
47.16,33.11724810702348
47.18,33.117215758302024
47.2,33.117215758302024
47.22,33.11718341354453
47.24,33.11715107275177
47.26,33.117118735924485
47.28,33.117086403063446
47.3,33.117054074169396
47.32,33.11702174924311
47.34,33.11702174924311
47.36,33.11698942828532
47.38,33.116957111296806
47.4,33.11692479827832
47.42,33.11689248923061
47.44,33.11689248923061
47.46,33.116860184154426
47.48,33.11682788305055
47.5,33.11679558591972
47.52,33.11679558591972
47.54,33.116763292762684
47.56,33.11673100358021
47.58,33.11673100358021
47.6,33.11669871837306
47.62,33.11666643714197
47.64,33.11666643714197
47.66,33.11663415988771
47.68,33.11663415988771
47.7,33.11660188661103
47.72,33.116569617312685
47.74,33.116569617312685
47.76,33.11653735199343
47.78,33.11653735199343
47.8,33.116505090654016
47.82,33.116505090654016
47.84,33.116472833295205
47.86,33.116472833295205
47.88,33.116472833295205
47.9,33.11644057991775
47.92,33.11644057991775
47.94,33.1164083305224
47.96,33.1164083305224
47.98,33.1164083305224
48.0,-24.591972766875035
48.02,-24.64495860165752
48.04,-24.790697237712095
48.06,-25.01250789007147
48.08,-25.295559908809548
48.1,-25.628695395451288
48.12,-26.0039290847272
48.14,-26.415743746150753
48.16,-26.86125806026425
48.18,-27.339341293880747
48.2,-27.849867644380428
48.22,-28.393317988178087
48.24,-28.97044740373666
48.26,-29.582034624160247
48.28,-30.228117037928186
48.3,-30.908394047082673
48.32,-31.621114956705092
48.34,-32.36426130676022
48.36,-33.13453879976492
48.38,-33.92740533191105
48.4,-34.73768965083578
48.42,-35.55985879267119
48.44,-36.38752570518581
48.46,-37.2144696107495
48.48,-38.03450572541023
48.5,-38.841917688524966
48.52,-39.63154501814046
48.54,-40.3987995531037
48.56,-41.140241197806226
48.58,-41.852243976580084
48.6,-42.53276483924478
48.62,-43.179537280966464
48.64,-43.79164695413885
48.66,-44.36762091402495
48.68,-44.90715298357047
48.7,-45.409535302682954
48.72,-45.87467489908979
48.74,-46.302629047293664
48.76,-46.693429505382
48.78,-47.04757423840871
48.8,-47.36550300711269
48.82,-47.64778180075282
48.84,-47.895000664356864
48.86,-48.10823730520111
48.88,-48.2884540884094
48.9,-48.43685101573361
48.92,-48.55464066307389
48.94,-48.643402717558644
48.96,-48.704738542584856
48.98,-48.74044762932567
49.0,-48.752446985046326
49.02,-48.74275338434687
49.04,-48.71348494740345
49.06,-48.66678057646238
49.08,-48.60484301299234
49.1,-48.5298410030152
49.12,-48.44382000837472
49.14,-48.348864767487605
49.16,-48.246816777411176
49.18,-48.1396462201965
49.2,-48.028732282006224
49.22,-47.91576520864257
49.24,-47.80210234603692
49.26,-47.68882392654191
49.28,-47.576955944486734
49.3,-47.46737121805918
49.32,-47.36079461843642
49.34,-47.25781070015701
49.36,-47.1589996804154
49.38,-47.06431780060466
49.4,-46.974372267298975
49.42,-46.88904640819638
49.44,-46.80852363833745
49.46,-46.73279414156469
49.48,-46.66167060718533
49.5,-46.595049534684925
49.52,-46.53291524297933
49.54,-46.47510300484844
49.56,-46.42131323710426
49.58,-46.37135708338765
49.6,-46.32515385652531
49.62,-46.28250151232697
49.64,-46.24308715010249
49.66,-46.206826840963615
49.68,-46.17352693606812
49.7,-46.14310735531488
49.72,-46.11517066422403
49.74,-46.08965187362203
49.76,-46.06648868089745
49.78,-46.04551881852063
49.8,-46.0265874670522
49.82,-46.00954691191039
49.84,-45.99425611136111
49.86,-45.98068043069045
49.88,-45.968688866013636
49.9,-45.9581559161653
49.92,-45.94905964235459
49.94,-45.94118436894525
49.96,-45.93461362433884
49.98,-45.92923666900966
50.0,-45.92494612539464
50.02,-45.921637426302716
50.04,-45.91940251538661
50.06,-45.91804345043407
50.08,-45.917461298961285
50.1,-45.91775235182273
50.12,-45.91881993702525
50.14,-45.92066539584383
50.16,-45.9230964236378
50.18,-45.92621276529291
50.2,-45.92992015926098
50.22,-45.93412417849032
50.24,-45.93892618873806
50.26,-45.944232218083464
50.28,-45.94994762300448
50.3,-45.95617485945168
50.32,-45.96271993398769
50.34,-45.969685431206
50.36,-45.97697541322414
50.38,-45.984593054189055
50.4,-45.99254163688344
50.42,-46.000723339461345
50.44,-46.00914041907883
50.46,-46.01779516846038
50.48,-46.0265874670522
50.5,-46.035621265081424
50.52,-46.044795627962046
50.54,-46.05411164317111
50.56,-46.06357039436067
50.58,-46.073068369993116
50.6,-46.08271036491776
50.62,-46.092391987559125
50.64,-46.10221887542686
50.66,-46.11197944878496
50.68,-46.121778907437985
50.7,-46.13161699387813
50.72,-46.141385887111404
50.74,-46.15119205591182
50.76,-46.160926868301765
50.78,-46.17058886045861
50.8,-46.180285740893495
50.82,-46.18990771299305
50.84,-46.19934346295417
50.86,-46.208811051583275
50.88,-46.21808896127804
50.9,-46.22739677139884
50.92,-46.236511578102274
50.94,-46.24554275627079
50.96,-46.25437708310923
50.98,-46.26312470290717
51.0,-46.27167183736794
51.02,-46.28024228210743
51.04,-46.28849618785032
51.06,-46.29665774781108
51.08,-46.304725938994316
51.1,-46.312585716494674
51.12,-46.32023531805924
51.14,-46.32778760491359
51.16,-46.33524168340477
51.18,-46.34236660546515
51.2,-46.34950593698041
51.22,-46.35631309119447
51.24,-46.36301738807587
51.26,-46.36950218745385
51.28,-46.37588227516749
51.3,-46.38215697009507
51.32,-46.38809264991754
51.34,-46.39392091042855
51.36,-46.39964115631718
51.38,-46.40513581873
51.4,-46.41052100687423
51.42,-46.41567888964735
51.44,-46.42072595919621
51.46,-46.42554414452827
51.48,-46.430250293146806
51.5,-46.43472611583138
51.52,-46.43908878874106
51.54,-46.44333791460177
51.56,-46.44735490599515
51.58,-46.45137569121787
51.6,-46.45504498940014
51.62,-46.45871740690978
51.64,-46.462155703526946
51.66,-46.46559670184144
51.68,-46.468802806561875
51.7,-46.471892358536984
51.72,-46.474746152725515
51.74,-46.477601762931315
51.76,-46.48034008621312
51.78,-46.482841738862156
51.8,-46.48534476483954
51.82,-46.487729871048394
51.84,-46.48987752376877
51.86,-46.49202617450823
51.88,-46.49405636912708
51.9,-46.4959679484593
51.92,-46.49776076345902
51.94,-46.499554262953644
51.96,-46.50110918134953
51.98,-46.50266461113024
52.0,-46.50410084525264
52.02,-46.50541777416352
52.04,-46.50673506667595
52.06,-46.507932920191365
52.08,-46.50901124424751
52.1,-46.51008981028529
52.12,-46.51104873845189
52.14,-46.51200785717592
52.16,-46.512847242139756
52.18,-46.51356683075085
52.2,-46.51428652610627
52.22,-46.51500632807892
52.24,-46.515606244408076
52.26,-46.516206234614984
52.28,-46.51668627992297
52.3,-46.517166372427816
52.32,-46.51752647275666
52.34,-46.517886599596544
52.36,-46.518126698876955
52.38,-46.51848686986648
52.4,-46.518726998565214
52.42,-46.51884706732452
52.44,-46.519087213660065
52.46,-46.51920729123512
52.48,-46.51932737174757
52.5,-46.51932737174757
52.52,-46.51944745519683
52.54,-46.51944745519683
52.56,-46.51944745519683
52.58,-46.51932737174757
52.6,-46.51932737174757
52.62,-46.51920729123512
52.64,-46.519087213660065
52.66,-46.518967139023005
52.68,-46.51884706732452
52.7,-46.518726998565214
52.72,-46.51860693274567
52.74,-46.51836680992824
52.76,-46.51824675293153
52.78,-46.5180066477651
52.8,-46.517766554371896
52.82,-46.51752647275666
52.84,-46.51728640292411
52.86,-46.51704634487896
52.88,-46.51680629862595
52.9,-46.5165662641698
52.92,-46.51632624151521
52.94,-46.51608623066692
52.96,-46.51584623162964
52.98,-46.515606244408076
53.0,-46.51524628574054
53.02,-46.51500632807892
53.04,-46.514766382249526
53.06,-46.51440648570117
53.08,-46.514166569472955
53.1,-46.51392666509346
53.12,-46.513686772567375
53.14,-46.51332695601372
53.16,-46.51308709314179
53.18,-46.512847242139756
53.2,-46.51248748790303
53.22,-46.5122476665963
53.24,-46.51200785717592
53.26,-46.51176805964659
53.28,-46.51140838565859
53.3,-46.511168617877445
53.32,-46.510928862003794
53.34,-46.51068911804232
53.36,-46.510449385997745
53.38,-46.51020966587473
53.4,-46.509969957677995
53.42,-46.50973026141221
53.44,-46.509490577082076
53.46,-46.50925090469228
53.48,-46.50901124424751
53.5,-46.50877159575245
53.52,-46.50853195921179
53.54,-46.508412145425815
53.56,-46.50817252682554
53.58,-46.507932920191365
53.6,-46.50781312136303
53.62,-46.5075735326868
53.64,-46.50733395598837
53.66,-46.5072141721323
53.68,-46.506974613409376
53.7,-46.50685483854368
53.72,-46.50661529780677
53.74,-46.50649553193671
53.76,-46.50637576906637
53.78,-46.506136252327174
53.8,-46.506016498459495
53.82,-46.50589674759385
53.84,-46.505776999730855
53.86,-46.50565725487108
53.88,-46.5055375130151
53.9,-46.50541777416352
53.92,-46.505178305475845
53.94,-46.50505857564093
53.96,-46.50505857564093
53.98,-46.504938848812735
54.0,-44.250103334537215
54.02,-44.250671611512246
54.04,-44.252661873574624
54.06,-44.25560354948516
54.08,-44.25950085898748
54.1,-44.26407323920928
54.12,-44.26942082795401
54.14,-44.27516603265572
54.16,-44.28140818516502
54.18,-44.288055056082605
54.2,-44.29501340235834
54.22,-44.30218882296267
54.24,-44.309485663509214
54.26,-44.317002536734094
54.28,-44.32464314799278
54.3,-44.33240832434105
54.32,-44.34020008896318
54.34,-44.34801824818702
54.36,-44.35586260520349
54.38,-44.363633173698034
54.4,-44.37152899808974
54.42,-44.379249557444155
54.44,-44.386994234851876
54.46,-44.39466179033999
54.48,-44.40214977776597
54.5,-44.409659497738424
54.52,-44.41708885165444
54.54,-44.42433461173419
54.56,-44.43159987853232
54.58,-44.43867902185775
54.6,-44.44557030503288
54.62,-44.4524785208543
54.64,-44.45909309251314
54.66,-44.46572285428125
54.68,-44.472159799660176
54.7,-44.478506602547924
54.72,-44.48465811369601
54.74,-44.49061295422425
54.76,-44.4965793497181
54.78,-44.50224229656343
54.8,-44.507915446428896
54.82,-44.51328271542042
54.84,-44.51865894153324
54.86,-44.523832706739555
54.88,-44.52880294721197
54.9,-44.53367463589849
54.92,-44.538447257252336
54.94,-44.54301403546064
54.96,-44.547480485566325
54.98,-44.551739608494394
55.0,-44.55589725446609
55.02,-44.55995301174962
55.04,-44.56379957512406
55.06,-44.56754324431619
55.08,-44.57118366182736
55.1,-44.57472048360518
55.12,-44.57804605256281
55.14,-44.5813746071736
55.16,-44.58449110403491
55.18,-44.587502587211794
55.2,-44.59030110994214
55.22,-44.59310168819417
55.24,-44.59579648078152
55.26,-44.598277352159386
55.28,-44.600759809109384
55.3,-44.603027778902145
55.32,-44.60529705903966
55.34,-44.60735134177161
55.36,-44.609406688569145
55.38,-44.611354837049454
55.4,-44.61319562544754
55.42,-44.614928901868154
55.44,-44.61655452413669
55.46,-44.61818079816273
55.48,-44.61959076128173
55.5,-44.62100121109349
55.52,-44.622412146271834
55.54,-44.62360639261845
55.56,-44.62480098471942
55.58,-44.62588727689441
55.6,-44.626973853543234
55.62,-44.627952015250166
55.64,-44.62882168499365
55.66,-44.62969153574956
55.68,-44.63045280340246
55.7,-44.631214209194965
55.72,-44.63186695252055
55.74,-44.63251979705072
55.76,-44.63306391137301
55.78,-44.633608095808135
55.8,-44.63404349378607
55.82,-44.634478936548106
55.84,-44.63491442405501
55.86,-44.63524106902543
55.88,-44.635567739126245
55.9,-44.63589443434088
55.92,-44.63611224509458
55.94,-44.63633006699772
55.96,-44.63654790004538
55.98,-44.63665682074688
56.0,-44.636765744232655
56.02,-44.63687467050211
56.04,-44.63687467050211
56.06,-44.636983599554625
56.08,-44.636983599554625
56.1,-44.636983599554625
56.12,-44.636983599554625
56.14,-44.63687467050211
56.16,-44.63687467050211
56.18,-44.636765744232655
56.2,-44.63665682074688
56.22,-44.63654790004538
56.24,-44.636438982128794
56.26,-44.63633006699772
56.28,-44.63611224509458
56.3,-44.63600333832375
56.32,-44.635785533146596
56.34,-44.635676634741515
56.36,-44.6354588463014
56.38,-44.63524106902543
56.4,-44.635132184575546
56.42,-44.63491442405501
56.44,-44.6346966747109
56.46,-44.634478936548106
56.48,-44.63426120957153
56.5,-44.63404349378607
56.52,-44.633716941101966
56.54,-44.63349925331575
56.56,-44.633281576737794
56.58,-44.63306391137301
56.6,-44.63284625722627
56.62,-44.632628614302476
56.64,-44.63241098260653
56.66,-44.6320845561255
56.68,-44.63186695252055
56.7,-44.631649360160544
56.72,-44.63143177905039
56.74,-44.631214209194965
56.76,-44.630996650599144
56.78,-44.63077910326783
56.8,-44.63045280340246
56.82,-44.63023528425375
56.84,-44.630017776386616
56.86,-44.62980027980594
56.88,-44.629582794516615
56.9,-44.6293653205235
56.92,-44.62914785783148
56.94,-44.6290391307249
56.96,-44.62882168499365
56.98,-44.62860425057569
57.0,-44.62838682747587
57.02,-44.62816941569908
57.04,-44.627952015250166
57.06,-44.62784331927519
57.08,-44.62762593582725
57.1,-44.627408563719364
57.12,-44.62729988191946
57.14,-44.62708252683079
57.16,-44.626973853543234
57.18,-44.626756515484715
57.2,-44.62664785071497
57.22,-44.62643052969755
57.24,-44.62632187345109
57.26,-44.626213220046935
57.28,-44.62599592176799
57.3,-44.62588727689441
57.32,-44.625778634865576
57.34,-44.62566999568208
57.36,-44.62556135934454
57.38,-44.62534409520974
57.4,-44.6252354674137
57.42,-44.625126842466045
57.44,-44.62501822036737
57.46,-44.6249096011183
57.48,-44.62480098471942
57.5,-44.62469237117135
57.52,-44.62469237117135
57.54,-44.62458376047469
57.56,-44.624475152630055
57.58,-44.62436654763805
57.6,-44.624257945499274
57.62,-44.624257945499274
57.64,-44.62414934621434
57.66,-44.624040749783845
57.68,-44.624040749783845
57.7,-44.623932156208404
57.72,-44.62382356548862
57.74,-44.62382356548862
57.76,-44.6237149776251
57.78,-44.6237149776251
57.8,-44.62360639261845
57.82,-44.62360639261845
57.84,-44.623497810469274
57.86,-44.623497810469274
57.88,-44.623497810469274
57.9,-44.62338923117817
57.92,-44.62338923117817
57.94,-44.62338923117817
57.96,-44.62328065474577
57.98,-44.62328065474577
58.0,-44.62328065474577
58.02,-44.62317208117265
58.04,-44.62317208117265
58.06,-44.62317208117265
58.08,-44.62317208117265
58.1,-44.623063510459424
58.12,-44.623063510459424
58.14,-44.623063510459424
58.16,-44.623063510459424
58.18,-44.623063510459424
58.2,-44.623063510459424
58.22,-44.62295494260671
58.24,-44.62295494260671
58.26,-44.62295494260671
58.28,-44.62295494260671
58.3,-44.62295494260671
58.32,-44.62295494260671
58.34,-44.62295494260671
58.36,-44.62295494260671
58.38,-44.62295494260671
58.4,-44.62295494260671
58.42,-44.62295494260671
58.44,-44.62295494260671
58.46,-44.62295494260671
58.48,-44.62295494260671
58.5,-44.62295494260671
58.52,-44.62295494260671
58.54,-44.62295494260671
58.56,-44.62295494260671
58.58,-44.62295494260671
58.6,-44.62295494260671
58.62,-44.62295494260671
58.64,-44.62295494260671
58.66,-44.62295494260671
58.68,-44.62295494260671
58.7,-44.62295494260671
58.72,-44.62295494260671
58.74,-44.62295494260671
58.76,-44.62295494260671
58.78,-44.62295494260671
58.8,-44.62295494260671
58.82,-44.62295494260671
58.84,-44.62295494260671
58.86,-44.62295494260671
58.88,-44.62295494260671
58.9,-44.62295494260671
58.92,-44.62295494260671
58.94,-44.62295494260671
58.96,-44.62295494260671
58.98,-44.62295494260671
59.0,-44.62295494260671
59.02,-44.62295494260671
59.04,-44.62295494260671
59.06,-44.623063510459424
59.08,-44.623063510459424
59.1,-44.623063510459424
59.12,-44.623063510459424
59.14,-44.623063510459424
59.16,-44.623063510459424
59.18,-44.623063510459424
59.2,-44.623063510459424
59.22,-44.623063510459424
59.24,-44.623063510459424
59.26,-44.623063510459424
59.28,-44.623063510459424
59.3,-44.623063510459424
59.32,-44.623063510459424
59.34,-44.623063510459424
59.36,-44.623063510459424
59.38,-44.623063510459424
59.4,-44.623063510459424
59.42,-44.623063510459424
59.44,-44.62317208117265
59.46,-44.62317208117265
59.48,-44.62317208117265
59.5,-44.62317208117265
59.52,-44.62317208117265
59.54,-44.62317208117265
59.56,-44.62317208117265
59.58,-44.62317208117265
59.6,-44.62317208117265
59.62,-44.62317208117265
59.64,-44.62317208117265
59.66,-44.62317208117265
59.68,-44.62317208117265
59.7,-44.62317208117265
59.72,-44.62317208117265
59.74,-44.62317208117265
59.76,-44.62317208117265
59.78,-44.62317208117265
59.8,-44.62317208117265
59.82,-44.62317208117265
59.84,-44.62317208117265
59.86,-44.62317208117265
59.88,-44.62317208117265
59.9,-44.62317208117265
59.92,-44.62317208117265
59.94,-44.62317208117265
59.96,-44.62317208117265
59.98,-44.62317208117265
60.0,-10.918707352974197
60.02,-10.867344837656914
60.04,-10.725314138163817
60.06,-10.507978772031496
60.08,-10.228784688293544
60.1,-9.898926841970026
60.12,-9.528618916844723
60.14,-9.126493528995303
60.16,-8.700317529444986
60.18,-8.256658172018817
60.2,-7.800835671835822
60.22,-7.337392063070069
60.24,-6.870300474406613
60.26,-6.402226478704403
60.28,-5.9357493417887905
60.3,-5.4724215001089895
60.32,-5.013290572846839
60.34,-4.559168973281203
60.36,-4.110005390564089
60.38,-3.6660714286481997
60.4,-3.227115282595985
60.42,-2.7928722270224333
60.44,-2.362680232918327
60.46,-1.93642325576739
60.48,-1.5137008470175426
60.5,-1.0940960816458174
60.52,-0.6778946059387283
60.54,-0.2654540765783426
60.56,0.14300729442595997
60.58,0.5464844508334797
60.6,0.9438733128104446
60.62,1.333997032847703
60.64,1.7149458959724173
60.66,2.0850636132948734
60.68,2.4425455023309075
60.7,2.7852865957993926
60.72,3.111199883868542
60.74,3.4189214541028345
60.76,3.706361314451446
60.78,3.972247584876698
60.8,4.215308314470504
60.82,4.434509336235115
60.84,4.628921342760448
60.86,4.798322743390716
60.88,4.942280335868391
60.9,5.060869675849664
60.92,5.154270004907656
60.94,5.222963620114663
60.96,5.267536753990635
60.98,5.2889397628527
61.0,5.288228333859722
61.02,5.266682837814872
61.04,5.225746675412622
61.06,5.167019319811284
61.08,5.092202882723819
61.1,5.003095731244865
61.12,4.901549946009258
61.14,4.789387968735769
61.16,4.668446029194068
61.18,4.540475414834116
61.2,4.4071826888335055
61.22,4.27011461947382
61.24,4.130768483282839
61.26,3.990451499448884
61.28,3.850369236377665
61.3,3.7115737346214033
61.32,3.575006634172031
61.34,3.4414537080154344
61.36,3.3115949381817966
61.38,3.18596226261089
61.4,3.0649741256085425
61.42,2.948973646137277
61.44,2.8382392423327394
61.46,2.732878343217655
61.48,2.6330104583500464
61.5,2.538632224499547
61.52,2.4497137259098687
61.54,2.3662070518998695
61.56,2.287967624839295
61.58,2.214877087872704
61.6,2.1467350274893766
61.62,2.0834073115939447
61.64,2.0246607114441133
61.66,1.9703365294883197
61.68,1.9201862155296778
61.7,1.8740684620880483
61.72,1.831703964160579
61.74,1.7929779298290962
61.76,1.7576157221066058
61.78,1.7255074434389155
61.8,1.6964403074795997
61.82,1.6702595453747504
61.84,1.6467631925041522
61.86,1.625858721390232
61.88,1.607328971839257
61.9,1.591116735810587
61.92,1.577015273264051
61.94,1.564950577229848
61.96,1.5548015004629006
61.98,1.5464508349095771
62.0,1.5397849420514738
62.02,1.5347185505234366
62.04,1.5311690631706858
62.06,1.529031118906231
62.08,1.5282266006860197
62.1,1.5287042599481304
62.12,1.5303388751802198
62.14,1.5331069699677107
62.16,1.536935735798954
62.18,1.5417278114206072
62.2,1.5474619563210188
62.22,1.5540668426228814
62.24,1.5614711945540294
62.26,1.5696544846926261
62.28,1.5785453709961015
62.3,1.588072099823105
62.32,1.598239302927974
62.34,1.6089746710729962
62.36,1.6202309672379323
62.38,1.6319604521861217
62.4,1.64414078357547
62.42,1.6567233040500455
62.44,1.6696848420606114
62.46,1.6829756914314964
62.48,1.696571751980598
62.5,1.7103958160380064
62.52,1.7244754658883712
62.54,1.7387589619641974
62.56,1.7531938594976562
62.58,1.7677804328431548
62.6,1.7824921385580987
62.62,1.7972752114392772
62.64,1.812129124977242
62.66,1.8269992886411073
62.68,1.8419117981048305
62.7,1.8567843455251234
62.72,1.8716427439410537
62.74,1.8864584753698095
62.76,1.9012301501567777
62.78,1.9158740348145145
62.8,1.9304432467390757
62.82,1.9448811289968377
62.84,1.9592135077046504
62.86,1.9733833883080905
62.88,1.9873888879299983
62.9,2.001228191005557
62.92,2.014871677425332
62.94,2.028345429579646
62.96,2.0416198595159027
62.98,2.0546652507724614
63.0,2.067507902248933
63.02,2.0801181525106136
63.04,2.092522536393629
63.06,2.1046632572879926
63.08,2.116566954916435
63.1,2.1282322316888873
63.12,2.1396294588443077
63.14,2.1507856024639707
63.16,2.161699464062875
63.18,2.1723415112799396
63.2,2.182738999508382
63.22,2.1928624574336246
63.24,2.202739315383023
63.26,2.2123401592000755
63.28,2.221692579443662
63.3,2.230767215277077
63.32,2.2396203728567694
63.34,2.2481942122666747
63.36,2.256487991826654
63.38,2.2645582695758235
63.4,2.272375852136193
63.42,2.2799401715961145
63.44,2.2872506943347335
63.46,2.2943356106542176
63.48,2.3011944926992935
63.5,2.307798219342512
63.52,2.3141463744793698
63.54,2.3202960545552673
63.56,2.3262182094175254
63.58,2.331912528163306
63.6,2.337407494174841
63.62,2.342674079722982
63.64,2.347712029087202
63.66,2.352578705916498
63.68,2.357245126442454
63.7,2.361711103568291
63.72,2.365976462466297
63.74,2.37006987012042
63.76,2.3739623568813255
63.78,2.377682622451287
63.8,2.3812593987207724
63.82,2.384634887245435
63.84,2.387866687162105
63.86,2.3909258559607274
63.88,2.393841172252538
63.9,2.3966125664926143
63.92,2.3992399737259498
63.94,2.4017233334124652
63.96,2.4040625892612097
63.98,2.406286573520917
64.0,2.408366359223975
64.02,2.4103307912923815
64.04,2.412179835761319
64.06,2.413884566165023
64.08,2.415502740919111
64.1,2.417034339588302
64.12,2.4184504420343953
64.14,2.419751025137323
64.16,2.4209649721456485
64.18,2.4220922683704322
64.2,2.4231329002865736
64.22,2.424086855507323
64.24,2.424954122760764
64.26,2.4257346918682536
64.28,2.426457465097093
64.3,2.427093524609986
64.32,2.427671775978753
64.34,2.428192214756628
64.36,2.4286548369580565
64.38,2.4290596390534698
64.4,2.4293777028551164
64.42,2.4296668555874303
64.44,2.4298981803905293
64.46,2.4301005914995373
64.48,2.4302451719514595
64.5,2.430331920657661
64.52,2.4303897533096523
64.54,2.430418669689989
64.56,2.4303897533096523
64.58,2.4303608369655407
64.6,2.4302740881506155
64.62,2.4301584235715157
64.64,2.4300138436636445
64.66,2.4298403489718057
64.68,2.4296668555874303
64.7,2.429435533110568
64.72,2.429204212962416
64.74,2.4289439805823645
64.76,2.428683751156242
64.78,2.428394610818211
64.8,2.4280765606692554
64.82,2.427758514950506
64.84,2.427440473668395
64.86,2.427093524609986
64.88,2.4267465808475546
64.9,2.426370731090972
64.92,2.4260237983886572
64.94,2.425647960633506
64.96,2.425243219278766
64.98,2.424867394529283
65.0,2.424462667205318
65.02,2.424086855507323
65.04,2.4236821422634804
65.06,2.4232774363398715
65.08,2.422872737749764
65.1,2.4224969527798836
65.12,2.4220922683704322
65.14,2.4216875913333458
65.16,2.4212829216818945
65.18,2.42087825942935
65.2,2.420502508260059
65.22,2.4200978603143146
65.24,2.4197221224528302
65.26,2.4193463910151567
65.28,2.4189417643554187
65.3,2.418566046293468
65.32,2.4182192353512915
65.34,2.4178435297151495
65.36,2.4174678305559616
65.38,2.417121037090065
65.4,2.416774249160412
65.42,2.416427466775364
65.44,2.416080689943281
65.46,2.415762816065806
65.48,2.4154449468678316
65.5,2.4151270823557986
65.52,2.4148092225361473
65.54,2.4144913674153208
65.56,2.414202412297481
65.58,2.4139134610731294
65.6,2.413624513747106
65.62,2.413335570324252
65.64,2.413075524584892
65.66,2.412815482014547
65.68,2.4125554426167466
65.7,2.4122954063950175
65.72,2.412064265756
65.74,2.4118331276317377
65.76,2.41160199202471
65.78,2.4113708589373952
65.8,2.4111397283722718
65.82,2.4109374911987222
65.84,2.410735255959784
65.86,2.410533022657117
65.88,2.410359681368632
65.9,2.4101574516663034
65.92,2.409984113466277
65.94,2.40981077669335
65.96,2.4096374413485666
65.98,2.4094929963196114
66.0,18.73181436578933
66.02,18.737174789618493
66.04,18.75184456623037
66.06,18.774010662534767
66.08,18.802006515135126
66.1,18.834321549286948
66.12,18.869600809778596
66.14,18.90663361980869
66.16,18.944329477596828
66.18,18.98172352466454
66.2,19.017975572941218
66.22,19.052327583249127
66.24,19.084092649400798
66.26,19.112791383046808
66.28,19.137811624934642
66.3,19.158770247871654
66.32,19.17535848626034
66.34,19.187263199623057
66.36,19.19428694908964
66.38,19.196275673475768
66.4,19.193134122116504
66.42,19.184857269734824
66.44,19.171452699904403
66.46,19.152992065092388
66.48,19.12970368429279
66.5,19.101678739085756
66.52,19.069157094517674
66.54,19.032514874436263
66.56,18.991979174317596
66.58,18.947943642698217
66.6,18.900755440611604
66.62,18.850775144517243
66.64,18.798483205951367
66.66,18.74427281202715
66.68,18.688411409295483
66.7,18.631393862991736
66.72,18.573592393854426
66.74,18.51549981704221
66.76,18.457183816128566
66.78,18.39909186330359
66.8,18.34165974785049
66.82,18.28501081076844
66.84,18.22923325933399
66.86,18.17483175411466
66.88,18.121691982672747
66.9,18.070118799197342
66.92,18.020243161842313
66.94,17.972171601509555
66.96,17.925692718792746
66.98,17.88131517674277
67.0,17.838644512723125
67.02,17.797859964684296
67.04,17.75897849112453
67.06,17.722003934613088
67.08,17.686928635990522
67.1,17.653463915707395
67.12,17.621863355260253
67.14,17.59196285190458
67.16,17.563730217704578
67.18,17.537001830835038
67.2,17.511868334637715
67.22,17.48816393891647
67.24,17.465849644482166
67.26,17.444884873125744
67.28,17.425228026968703
67.3,17.406723075412604
67.32,17.38933378728594
67.34,17.373133873495657
67.36,17.35786546126796
67.38,17.34360497147403
67.4,17.330317653223375
67.42,17.31786678667753
67.44,17.306224478143594
67.46,17.295463478563494
67.48,17.28525826876523
67.5,17.27588321480406
67.52,17.26711893974152
67.54,17.258946452034813
67.56,17.251347598741756
67.58,17.244305109703088
67.6,17.23780263634093
67.62,17.231824785603617
67.64,17.226178817550185
67.66,17.22103305814639
67.68,17.216287218514914
67.7,17.211931745007902
67.72,17.207957752969495
67.74,17.204271628488335
67.76,17.200952420584205
67.78,17.197908849722243
67.8,17.195219847764122
67.82,17.1927129397971
67.84,17.190468345531936
67.86,17.188482403849335
67.88,17.18675185514951
67.9,17.18519187548121
67.92,17.18388245160686
67.94,17.18273988993039
67.96,17.181762917900357
67.98,17.180950443941338
68.0,17.18030155783861
68.02,17.17981553105242
68.04,17.179491816965232
68.06,17.179330051064735
68.08,17.17924919090201
68.1,17.17924919090201
68.12,17.17941092641931
68.14,17.1797345797461
68.16,17.180058476102474
68.18,17.180544776247253
68.2,17.18111281729506
68.22,17.18168160220088
68.24,17.182413989814478
68.26,17.18322919521013
68.28,17.184045917349234
68.3,17.18494606291962
68.32,17.185930131472176
68.34,17.186916381639282
68.36,17.18798728014029
68.38,17.18914341624549
68.4,17.190302517641612
68.42,17.191464582816437
68.44,17.1927129397971
68.46,17.19396469542008
68.48,17.195219847764122
68.5,17.196562418683534
68.52,17.197908849722243
68.54,17.199259138468598
68.56,17.200613282483328
68.58,17.201971279299475
68.6,17.203418369652308
68.62,17.204784304961542
68.64,17.20615408534435
68.66,17.207613687173936
68.68,17.208991389841586
68.7,17.210372929593213
68.72,17.21184501690195
68.74,17.213234462188662
68.76,17.214627736306415
68.78,17.216024836503085
68.8,17.217338090322098
68.82,17.218742595609186
68.84,17.220062786735635
68.86,17.22147468646926
68.88,17.22280180482751
68.9,17.224043469507816
68.92,17.22537705888585
68.94,17.226624758934676
68.96,17.227964810185007
68.98,17.229128888667255
69.0,17.230385314286114
69.02,17.23155459591266
69.04,17.232726380208952
69.06,17.233900665501757
69.08,17.23507745010522
69.1,17.23616592967051
69.12,17.23725653603338
69.14,17.23834926783916
69.16,17.23935280463899
69.18,17.240358125198
69.2,17.241365228452324
69.22,17.242374113331596
69.24,17.243292826535768
69.26,17.244213010453528
69.28,17.245134664266626
69.3,17.245965408779025
69.32,17.24679734263742
69.34,17.24763046523599
69.36,17.24846477596598
69.38,17.24920738245297
69.4,17.2499509267956
69.42,17.25069540856046
69.44,17.251440827312283
69.46,17.25209383699867
69.48,17.252747563437087
69.5,17.253402006332454
69.52,17.254057165388623
69.54,17.25461930007416
69.56,17.255181960512473
69.58,17.255745146515157
69.6,17.256308857893224
69.62,17.256779018566608
69.64,17.25724954384235
69.66,17.257720433610142
69.68,17.258191687759396
69.7,17.258663306179244
69.72,17.259040863115263
69.74,17.259418653056294
69.76,17.259796675945164
69.78,17.26017493172461
69.8,17.260553420337242
69.82,17.260837439558898
69.84,17.261216335491152
69.86,17.26150066013631
69.88,17.261785115636634
69.9,17.262069701967693
69.92,17.262259498860065
69.94,17.262544303187973
69.96,17.262734245388884
69.98,17.263019267645515
70.0,17.26320935510949
70.02,17.263399500665933
70.04,17.26358970430754
70.06,17.263684827908
70.08,17.263875118663652
70.1,17.264065467486187
70.12,17.264160663670243
70.14,17.264255874368274
70.16,17.264446339302584
70.18,17.264541593537025
70.2,17.26463686228177
70.22,17.2647321455359
70.24,17.264827443298486
70.26,17.26492275556862
70.28,17.26492275556862
70.3,17.265018082345378
70.32,17.265113423627838
70.34,17.265113423627838
70.36,17.26520877941508
70.38,17.26520877941508
70.4,17.26520877941508
70.42,17.265304149706182
70.44,17.265304149706182
70.46,17.265304149706182
70.48,17.265304149706182
70.5,17.265304149706182
70.52,17.265304149706182
70.54,17.265304149706182
70.56,17.265304149706182
70.58,17.265304149706182
70.6,17.265304149706182
70.62,17.265304149706182
70.64,17.265304149706182
70.66,17.265304149706182
70.68,17.265304149706182
70.7,17.26520877941508
70.72,17.26520877941508
70.74,17.26520877941508
70.76,17.26520877941508
70.78,17.265113423627838
70.8,17.265113423627838
70.82,17.265113423627838
70.84,17.265018082345378
70.86,17.265018082345378
70.88,17.265018082345378
70.9,17.26492275556862
70.92,17.26492275556862
70.94,17.26492275556862
70.96,17.264827443298486
70.98,17.264827443298486
71.0,17.2647321455359
71.02,17.2647321455359
71.04,17.26463686228177
71.06,17.26463686228177
71.08,17.26463686228177
71.1,17.264541593537025
71.12,17.264541593537025
71.14,17.264446339302584
71.16,17.264446339302584
71.18,17.264446339302584
71.2,17.264351099579358
71.22,17.264351099579358
71.24,17.264255874368274
71.26,17.264255874368274
71.28,17.264255874368274
71.3,17.264160663670243
71.32,17.264160663670243
71.34,17.264065467486187
71.36,17.264065467486187
71.38,17.264065467486187
71.4,17.263970285817017
71.42,17.263970285817017
71.44,17.263970285817017
71.46,17.263875118663652
71.48,17.263875118663652
71.5,17.263875118663652
71.52,17.263779966027005
71.54,17.263779966027005
71.56,17.263779966027005
71.58,17.263684827908
71.6,17.263684827908
71.62,17.263684827908
71.64,17.263684827908
71.66,17.26358970430754
71.68,17.26358970430754
71.7,17.26358970430754
71.72,17.26358970430754
71.74,17.263494595226547
71.76,17.263494595226547
71.78,17.263494595226547
71.8,17.263494595226547
71.82,17.263399500665933
71.84,17.263399500665933
71.86,17.263399500665933
71.88,17.263399500665933
71.9,17.263399500665933
71.92,17.26330442062661
71.94,17.26330442062661
71.96,17.26330442062661
71.98,17.26330442062661
72.0,-31.854083018181683
72.02,-31.91294386069356
72.04,-32.0777055868429
72.06,-32.33335395310051
72.08,-32.669291275346886
72.1,-33.07604908577141
72.12,-33.54674312615572
72.14,-34.07422419055375
72.16,-34.65255944115263
72.18,-35.2757466346183
72.2,-35.937948480516816
72.22,-36.63250680207186
72.24,-37.353652354351915
72.26,-38.09467713320115
72.28,-38.84901886764818
72.3,-39.61042087245141
72.32,-40.372877282709005
72.34,-41.1308066104799
72.36,-41.879166562555596
72.38,-42.61341303991195
72.4,-43.32961732148441
72.42,-44.02435170412342
72.44,-44.6949541080896
72.46,-45.339018297395604
72.48,-45.954462319378266
72.5,-46.539962137780016
72.52,-47.09401089523651
72.54,-47.61621745082721
72.56,-48.10557039456194
72.58,-48.56208721510445
72.6,-48.98539903981371
72.62,-49.37586554289025
72.64,-49.73379924904859
72.66,-50.05964344433655
72.68,-50.35395746777954
72.7,-50.6174035066196
72.72,-50.85094911515895
72.74,-51.05546019785091
72.76,-51.23167111268868
72.78,-51.38066070719723
72.8,-51.50350206975167
72.82,-51.60112664106812
72.84,-51.674762925258804
72.86,-51.725565612605635
72.88,-51.75475690857704
72.9,-51.763691371520515
72.92,-51.753732618840736
72.94,-51.726332814052334
72.96,-51.68300666630364
72.98,-51.625343580900235
73.0,-51.55487859285957
73.02,-51.473238461216056
73.04,-51.38199605212153
73.06,-51.28277217286316
73.08,-51.17698011047848
73.1,-51.06612997271289
73.12,-50.95156824080084
73.14,-50.83465623730462
73.16,-50.71643314308993
73.18,-50.59792729404289
73.2,-50.48018070635492
73.22,-50.36387362125595
73.24,-50.24996015444682
73.26,-50.13876110131804
73.28,-50.03088669449263
73.3,-49.92685570574992
73.32,-49.826680692921656
73.34,-49.73084481909051
73.36,-49.639480646450835
73.38,-49.552375588000665
73.4,-49.469958957696846
73.42,-49.39191512000393
73.44,-49.318306875431865
73.46,-49.24902563560788
73.48,-49.18393773109101
73.5,-49.12289041216829
73.52,-49.06584997138461
73.54,-49.01250470115631
73.56,-48.962802798211065
73.58,-48.91655521388736
73.6,-48.873572261526704
73.62,-48.83366549685569
73.64,-48.7967748927391
73.66,-48.762715037592905
73.68,-48.731181549703805
73.7,-48.70236965129881
73.72,-48.675738174055375
73.74,-48.65148746013791
73.76,-48.6293329891164
73.78,-48.6091183294618
73.8,-48.59092928875272
73.82,-48.574497700468605
73.84,-48.55968017571714
73.86,-48.546571245869245
73.88,-48.53491665918466
73.9,-48.524583838857204
73.92,-48.51579010075936
73.94,-48.50806058918285
73.96,-48.50173153778817
73.98,-48.49644930989297
74.0,-48.49220795649568
74.02,-48.489002674803466
74.04,-48.48671550749146
74.06,-48.485344135902416
74.08,-48.48488716693405
74.1,-48.48522988639803
74.12,-48.48625830619692
74.14,-48.48797321015131
74.16,-48.490375903290186
74.18,-48.49346820982659
74.2,-48.497022971812115
74.22,-48.501271809632804
74.24,-48.50587254892101
74.26,-48.51105755188596
74.28,-48.516714461076454
74.3,-48.52273024016586
74.32,-48.52910708105692
74.34,-48.53584728963956
74.36,-48.54295328342874
74.38,-48.550310655004765
74.4,-48.55803834852646
74.42,-48.56590394664151
74.44,-48.57402616966905
74.46,-48.5824068418873
74.48,-48.59092928875272
74.5,-48.599713258346554
74.52,-48.60852223011402
74.54,-48.617475621346955
74.56,-48.626454426568344
74.58,-48.635698960803104
74.6,-48.64484941217229
74.62,-48.65414642888511
74.64,-48.66346962465244
74.66,-48.672818839676644
74.68,-48.68207199245229
74.7,-48.69147242399426
74.72,-48.7007758046447
74.74,-48.71010389038467
74.76,-48.71933329615836
74.78,-48.728462907837724
74.8,-48.73761547014523
74.82,-48.7466666813031
74.84,-48.755615478017226
74.86,-48.76446082008076
74.88,-48.77332670374968
74.9,-48.7819623855504
74.92,-48.79061719074206
74.94,-48.79903930021581
74.96,-48.80735308232228
74.98,-48.81555763161413
75.0,-48.82365206434803
75.02,-48.83150867725743
75.04,-48.83938007372781
75.06,-48.84701152900053
75.08,-48.85452910106215
75.1,-48.86180428369951
75.12,-48.868963656680236
75.14,-48.87600651237554
75.16,-48.88293216230123
75.18,-48.889611393551455
75.2,-48.89617172531542
75.22,-48.90261253949405
75.24,-48.90880415628048
75.26,-48.914874735026565
75.28,-48.920694318872904
75.3,-48.92652102534496
75.32,-48.93209538022094
75.34,-48.93754629941243
75.36,-48.942743313472455
75.38,-48.9479458189926
75.4,-48.952893256092274
75.42,-48.9575848209563
75.44,-48.96228075849795
75.46,-48.96671980399289
75.48,-48.97103197949477
75.5,-48.97521693670674
75.52,-48.979274340523396
75.54,-48.983203868801574
75.56,-48.98700521213604
75.58,-48.990546856180785
75.6,-48.99409086392907
75.62,-48.99737445104994
75.64,-49.00066004738072
75.66,-49.00368456336326
75.68,-49.006710766356704
75.7,-49.00960696786254
75.72,-49.01224120771095
75.74,-49.01487670918058
75.76,-49.01738160021026
75.78,-49.019755698194196
75.8,-49.02199883103429
75.82,-49.02411083699705
75.84,-49.02622363787922
75.86,-49.02820510866363
75.88,-49.030055108336484
75.9,-49.031773505838494
75.92,-49.03349242274125
75.94,-49.03507957522837
75.96,-49.03653485207302
75.98,-49.03799049839724
76.0,-49.03931413324181
76.02,-49.040505664704256
76.04,-49.041697442161095
76.06,-49.042889465208496
76.08,-49.043816763777635
76.1,-49.04487671494626
76.12,-49.04567180512219
76.14,-49.046599547516465
76.16,-49.0473948727362
76.18,-49.04805772648039
76.2,-49.04872065535734
76.22,-49.04938365929742
76.24,-49.049914116448086
76.26,-49.050444621558846
76.28,-49.05084253184424
76.3,-49.05124046907203
76.32,-49.05163843322712
76.34,-49.052036424294435
76.36,-49.05230176661643
76.38,-49.05256712088825
76.4,-49.05269980250393
76.42,-49.05296517469207
76.44,-49.0530978652634
76.46,-49.05323055881884
76.48,-49.05323055881884
76.5,-49.05336325535781
76.52,-49.05336325535781
76.54,-49.05336325535781
76.56,-49.05336325535781
76.58,-49.05336325535781
76.6,-49.05323055881884
76.62,-49.05323055881884
76.64,-49.0530978652634
76.66,-49.05296517469207
76.68,-49.05296517469207
76.7,-49.05283248710539
76.72,-49.05256712088825
76.74,-49.05243444225889
76.76,-49.05230176661643
76.78,-49.052036424294435
76.8,-49.05190375761602
76.82,-49.05163843322712
76.84,-49.05150577551776
76.86,-49.05124046907203
76.88,-49.05097517459398
76.9,-49.05084253184424
76.92,-49.050577255326125
76.94,-49.05031199078685
76.96,-49.05004673823091
76.98,-49.04978149766277
77.0,-49.04964888187551
77.02,-49.04938365929742
77.04,-49.049118448718275
77.06,-49.048853250142535
77.08,-49.04858806357468
77.1,-49.04832288901914
77.12,-49.04805772648039
77.14,-49.04779257596288
77.16,-49.047527437471075
77.18,-49.047262311009426
77.2,-49.04699719658239
77.22,-49.04686464388324
77.24,-49.046599547516465
77.26,-49.046334463195436
77.28,-49.04606939092459
77.3,-49.04580433070841
77.32,-49.0455392825513
77.34,-49.0454067629963
77.36,-49.04514173293618
77.38,-49.04487671494626
77.4,-49.04461170903101
77.42,-49.04447921060277
77.44,-49.04421422280783
77.46,-49.04408173344225
77.48,-49.043816763777635
77.5,-49.04355180620544
77.52,-49.0434193319554
77.54,-49.043154392530184
77.56,-49.04302192735612
77.58,-49.042889465208496
77.6,-49.042624549994784
77.62,-49.0424920969298
77.64,-49.04235964689347
77.66,-49.042094755909005
77.68,-49.04196231496198
77.7,-49.04182987704582
77.72,-49.041697442161095
77.74,-49.04156501030835
77.76,-49.04130015570102
77.78,-49.04116773294755
77.8,-49.04103531322828
77.82,-49.040902896543756
77.84,-49.040770482894544
77.86,-49.0406380722812
77.88,-49.040505664704256
77.9,-49.040505664704256
77.92,-49.04037326016428
77.94,-49.04024085866184
77.96,-49.040108460197466
77.98,-49.03997606477172
78.0,-22.123978117032753
78.02,-22.093988487096365
78.04,-22.00971250812908
78.06,-21.87958904847807
78.08,-21.709437491129872
78.1,-21.504878128344473
78.12,-21.27000809195935
78.14,-21.008705405307722
78.16,-20.72424630446007
78.18,-20.419744757579142
78.2,-20.097931304711064
78.22,-19.76112516624781
78.24,-19.411892101381802
78.26,-19.05257333530206
78.28,-18.685248335253736
78.3,-18.312173284909502
78.32,-17.935519924198218
78.34,-17.55734207672867
78.36,-17.17954342835639
78.38,-16.803848983778103
78.4,-16.432494227221277
78.42,-16.067002470432875
78.44,-15.708883149894646
78.46,-15.360068574473193
78.48,-15.0212798574113
78.5,-14.694312227280117
78.52,-14.380185753545819
78.54,-14.079624977681908
78.56,-13.793686618287044
78.58,-13.523296929737384
78.6,-13.26868586685361
78.62,-13.030387148792894
78.64,-12.808819323111871
78.66,-12.60428242747998
78.68,-12.41666241201273
78.7,-12.246079225513293
78.72,-12.092533217022606
78.74,-11.955677116938638
78.76,-11.835237528053373
78.78,-11.730960543862107
78.8,-11.642320947916197
78.82,-11.56890702747521
78.84,-11.510037698478449
78.86,-11.46523259624203
78.88,-11.4337737385205
78.9,-11.414942580619782
78.92,-11.408025890500637
78.94,-11.412256409523405
78.96,-11.426850257393832
78.98,-11.451018556153825
79.0,-11.483896032582223
79.02,-11.52472850433374
79.04,-11.572696545541612
79.06,-11.626969185007978
79.08,-11.686804405790003
79.1,-11.751293889563796
79.12,-11.819953459516046
79.14,-11.891930393323502
79.16,-11.966480314130871
79.18,-12.04302090593439
79.2,-12.121027347877394
79.22,-12.199873440729961
79.24,-12.279125804288398
79.26,-12.358063739190325
79.28,-12.436507870090667
79.3,-12.514175953656558
79.32,-12.590459111422874
79.34,-12.665147926164126
79.36,-12.738083803966637
79.38,-12.808952185664072
79.4,-12.877466872278632
79.42,-12.943788595911057
79.44,-13.007703428612045
79.46,-13.06880478108177
79.48,-13.127567024973457
79.5,-13.183414538719868
79.52,-13.23665725680327
79.54,-13.287190179150924
79.56,-13.335145845924076
79.58,-13.380449248759962
79.6,-13.423036023128152
79.62,-13.46307811843026
79.64,-13.500531661924605
79.66,-13.535815714788475
79.68,-13.56844588312458
79.7,-13.598854337283218
79.72,-13.627022484248798
79.74,-13.653164620004715
79.76,-13.677039562010858
79.78,-13.698867401543032
79.8,-13.718870970618799
79.82,-13.737045056846256
79.84,-13.753385637698361
79.86,-13.768119932656072
79.88,-13.781245852931683
79.9,-13.792761869971402
79.92,-13.80266690123734
79.94,-13.811420965243247
79.96,-13.818562869877656
79.98,-13.824553087919599
80.0,-13.829391460689818
80.02,-13.83307789441255
80.04,-13.835612338287923
80.06,-13.837225172991598
80.08,-13.837916389186118
80.1,-13.837455578309125
80.12,-13.836303552593185
80.14,-13.834229912559254
80.16,-13.831695477111623
80.18,-13.82823945903064
80.2,-13.82409229557998
80.22,-13.819254039100441
80.24,-13.81395515010393
80.26,-13.808195708992516
80.28,-13.801745460383891
80.3,-13.795065271076774
80.32,-13.787924933425042
80.34,-13.78032464912751
80.36,-13.772264662049375
80.38,-13.763975500788279
80.4,-13.755457393554652
80.42,-13.746710593313875
80.44,-13.737735379247793
80.46,-13.728532058247177
80.48,-13.719100966434171
80.5,-13.709672402519306
80.52,-13.700016691576344
80.54,-13.69013424653616
80.56,-13.680255217058715
80.58,-13.67037981887284
80.6,-13.660508267186437
80.62,-13.650411350192398
80.64,-13.640548236958608
80.66,-13.63046040253333
80.68,-13.620606601986088
80.7,-13.610757725645065
80.72,-13.600913985335193
80.74,-13.59107559228433
80.76,-13.581242757112866
80.78,-13.571644159195282
80.8,-13.562051259119102
80.82,-13.552692443540284
80.84,-13.543339423509313
80.86,-13.534220283103355
80.88,-13.525106996728148
80.9,-13.515999730409149
80.92,-13.507353554240668
80.94,-13.49871310202603
80.96,-13.490078514811284
80.98,-13.481676923022706
81.0,-13.473507989314577
81.02,-13.465571368327439
81.04,-13.457640179124082
81.06,-13.449940899491974
81.08,-13.442473163083113
81.1,-13.435010535834362
81.12,-13.42777901333642
81.14,-13.420778215519293
81.16,-13.414007761770472
81.18,-13.407241813866715
81.2,-13.400931053534787
81.22,-13.394399166247727
81.24,-13.388321700383393
81.26,-13.382472968893396
81.28,-13.376627855419814
81.3,-13.371011006037266
81.32,-13.365397579683593
81.34,-13.360011946116645
81.36,-13.355077946164108
81.38,-13.349922597510961
81.4,-13.345218175076617
81.42,-13.34051629097318
81.44,-13.336040686429573
81.46,-13.33156742370327
81.48,-13.327543505369981
81.5,-13.32329812619173
81.52,-13.319501461808457
81.54,-13.315706540561827
81.56,-13.312136452801726
81.58,-13.308567929236705
81.6,-13.305223867646227
81.62,-13.302103998615973
81.64,-13.298985348072677
81.66,-13.295867922497969
81.68,-13.293196823314956
81.7,-13.290526632933648
81.72,-13.287857355418552
81.74,-13.285411323090909
81.76,-13.282966064358018
81.78,-13.28074377579934
81.8,-13.278522131493373
81.82,-13.27652320438646
81.84,-13.274524802720626
81.86,-13.272748888170414
81.88,-13.270973391320915
81.9,-13.26919831336452
81.92,-13.267645464712492
81.94,-13.266092938485041
81.96,-13.264762458946306
81.98,-13.263432217377755
82.0,-13.262102214280452
82.02,-13.260994060892832
82.04,-13.259886073747573
82.06,-13.258778253134103
82.08,-13.257670599341688
82.1,-13.256784596613196
82.12,-13.255898700983149
82.14,-13.255234349632927
82.16,-13.254348641780949
82.18,-13.253684431434003
82.2,-13.253241658162109
82.22,-13.252577548739508
82.24,-13.25213484280818
82.26,-13.25147083448291
82.28,-13.251028196007441
82.3,-13.25080688689903
82.32,-13.250364288952387
82.34,-13.25014300011876
82.36,-13.249700442742409
82.38,-13.249479174204293
82.4,-13.249257912435953
82.42,-13.249257912435953
82.44,-13.24903665743969
82.46,-13.24903665743969
82.48,-13.248815409217807
82.5,-13.248815409217807
82.52,-13.248815409217807
82.54,-13.248815409217807
82.56,-13.248815409217807
82.58,-13.248815409217807
82.6,-13.248815409217807
82.62,-13.248815409217807
82.64,-13.24903665743969
82.66,-13.24903665743969
82.68,-13.249257912435953
82.7,-13.249257912435953
82.72,-13.249479174204293
82.74,-13.249700442742409
82.76,-13.249700442742409
82.78,-13.249921718048
82.8,-13.25014300011876
82.82,-13.250364288952387
82.84,-13.250585584546577
82.86,-13.25080688689903
82.88,-13.251028196007441
82.9,-13.251249511869501
82.92,-13.25147083448291
82.94,-13.251692163845364
82.96,-13.251913499954554
82.98,-13.25213484280818
83.0,-13.252356192403933
83.02,-13.252577548739508
83.04,-13.2527989118126
83.06,-13.253020281620902
83.08,-13.253241658162109
83.1,-13.253463041433912
83.12,-13.253684431434003
83.14,-13.253905828160079
83.16,-13.254348641780949
83.18,-13.254570058671126
83.2,-13.254791482278053
83.22,-13.255012912599424
83.24,-13.255234349632927
83.26,-13.255455793376257
83.28,-13.2556772438271
83.3,-13.255898700983149
83.32,-13.256120164842093
83.34,-13.256341635401622
83.36,-13.256563112659428
83.38,-13.256784596613196
83.4,-13.257006087260615
83.42,-13.25722758459938
83.44,-13.257449088627174
83.46,-13.257670599341688
83.48,-13.257892116740608
83.5,-13.257892116740608
83.52,-13.258113640821621
83.54,-13.258335171582418
83.56,-13.25855670902068
83.58,-13.258778253134103
83.6,-13.258778253134103
83.62,-13.258999803920366
83.64,-13.25922136137716
83.66,-13.259442925502166
83.68,-13.259442925502166
83.7,-13.259664496293075
83.72,-13.259886073747573
83.74,-13.259886073747573
83.76,-13.26010765786334
83.78,-13.260329248638065
83.8,-13.260329248638065
83.82,-13.260550846069432
83.84,-13.260550846069432
83.86,-13.260772450155127
83.88,-13.260772450155127
83.9,-13.260994060892832
83.92,-13.260994060892832
83.94,-13.26121567828023
83.96,-13.26121567828023
83.98,-13.26143730231501
84.0,-39.83230378189739
84.02,-39.85982694738454
84.04,-39.93629156067643
84.06,-40.05310634588453
84.08,-40.20304322668092
84.1,-40.379454286322556
84.12,-40.57675387108773
84.14,-40.790018286748285
84.16,-41.01500335861224
84.18,-41.247947419224126
84.2,-41.485773155539846
84.22,-41.72549261175811
84.24,-41.964610498075885
84.26,-42.20128432773334
84.28,-42.43339826692981
84.3,-42.65964698421076
84.32,-42.8783045696593
84.34,-43.08857307775353
84.36,-43.289249399818615
84.38,-43.479542536907225
84.4,-43.65888115046607
84.42,-43.8265105607909
84.44,-43.98228121930664
84.46,-44.1256285495628
84.48,-44.25664427699744
84.5,-44.37495955020271
84.52,-44.480706917173364
84.54,-44.57398291800326
84.56,-44.65495917577482
84.58,-44.72388415594334
84.6,-44.78112940564816
84.62,-44.827069782612604
84.64,-44.86215446939715
84.66,-44.88692216696309
84.68,-44.90194232190155
84.7,-44.90781068439732
84.72,-44.905151271111286
84.74,-44.894621737087256
84.76,-44.87686629382173
84.78,-44.85259344821195
84.8,-44.822419908392874
84.82,-44.78703153928539
84.84,-44.74702951397222
84.86,-44.70308816702806
84.88,-44.65576256298953
84.9,-44.605698555641546
84.92,-44.55332030437409
84.94,-44.49921788368264
84.96,-44.4438091491235
84.98,-44.3875510291399
85.0,-44.330870364470265
85.02,-44.27407145244847
85.04,-44.217603505059984
85.06,-44.16160577316976
85.08,-44.106365075383174
85.1,-44.052139417464595
85.12,-43.99915838051576
85.14,-43.94752122174616
85.16,-43.89729670819247
85.18,-43.84873528865004
85.2,-43.80185834375438
85.22,-43.75676982841546
85.24,-43.71334412189035
85.26,-43.67175469357093
85.28,-43.63194986147282
85.3,-43.593970711252425
85.32,-43.557741956916146
85.34,-43.52328455127181
85.36,-43.49061124352699
85.38,-43.45962356335565
85.4,-43.430218801674805
85.42,-43.402394494656704
85.44,-43.376144267218756
85.46,-43.35145852576182
85.48,-43.328121817138985
85.5,-43.306224263969604
85.52,-43.28565121737596
85.54,-43.26638910460228
85.56,-43.24832405891117
85.58,-43.23144282460377
85.6,-43.215731894371324
85.62,-43.20107962701767
85.64,-43.18737632752173
85.66,-43.17470867249419
85.68,-43.16296827823142
85.7,-43.152145183339606
85.72,-43.142229838456636
85.74,-43.13302168325941
85.76,-43.1246095236042
85.78,-43.11698618574221
85.8,-43.11005012557435
85.82,-43.1037013168778
85.84,-43.09802988434863
85.86,-43.09293704981844
85.88,-43.08851329145589
85.9,-43.08456719141273
85.92,-43.08109640361638
85.94,-43.07809884395813
85.96,-43.07566620819235
85.98,-43.07360984837433
86.0,-43.07192875600282
86.02,-43.07071540993461
86.04,-43.06978251051645
86.06,-43.069316205655504
86.08,-43.06912971076753
86.1,-43.06922295627846
86.12,-43.069595976978746
86.14,-43.07024891196181
86.16,-43.0711820043778
86.18,-43.07239560100172
86.2,-43.07379671335702
86.22,-43.07547918962696
86.24,-43.07725648489809
86.26,-43.07922247094714
86.28,-43.08137762497105
86.3,-43.083722467244954
86.32,-43.086257560460105
86.34,-43.088795410672795
86.36,-43.091524310094776
86.38,-43.09444490172922
86.4,-43.09736908814439
86.42,-43.100391358627085
86.44,-43.10351205432371
86.46,-43.10673152436046
86.48,-43.10995524606341
86.5,-43.113278203897586
86.52,-43.11670076025887
86.54,-43.120032751389175
86.56,-43.12346455407976
86.58,-43.12699653370496
86.6,-43.13043774838999
86.62,-43.13397935162955
86.64,-43.13752579427794
86.66,-43.140981007402964
86.68,-43.14453692175007
86.7,-43.14800130096942
86.72,-43.151566584743044
86.74,-43.155040029985706
86.76,-43.15851790895679
86.78,-43.16190340737666
86.8,-43.165293050379304
86.82,-43.16868681498495
86.84,-43.17208467809473
86.86,-43.175389361908564
86.88,-43.17860050662287
86.9,-43.18181523437976
86.92,-43.18503352543246
86.94,-43.18815767672262
86.96,-43.191285141794445
86.98,-43.19431801642219
87.0,-43.19725598541675
87.02,-43.20019682008623
87.04,-43.20304233659616
87.06,-43.20589050286657
87.08,-43.208642957775226
87.1,-43.21129942616097
87.12,-43.21395815646703
87.14,-43.21652054252261
87.16,-43.21908500540972
87.18,-43.22155278418312
87.2,-43.223923640998414
87.22,-43.226296242321965
87.24,-43.228571614767795
87.26,-43.230749543635895
87.28,-43.23292891879011
87.3,-43.235010574836664
87.32,-43.237093537476035
87.34,-43.23907852113926
87.36,-43.240965344388265
87.38,-43.242853224329075
87.4,-43.2446427131863
87.42,-43.24633365029085
87.44,-43.24802542399001
87.46,-43.2497180313291
87.48,-43.25131183240477
87.5,-43.252806686993644
87.52,-43.254302184089276
87.54,-43.25569855925789
87.56,-43.25709549067329
87.58,-43.25839313788251
87.6,-43.25959138934013
87.62,-43.26088995236665
87.64,-43.26198910695089
87.66,-43.26308860028257
87.68,-43.26418843154622
87.7,-43.26528859992533
87.72,-43.26618898786584
87.74,-43.26718968240108
87.76,-43.268090544132704
87.78,-43.268891497951955
87.8,-43.269792781904606
87.82,-43.27049393464648
87.84,-43.27129541688909
87.86,-43.271996857833585
87.88,-43.272698432938974
87.9,-43.273299889649294
87.92,-43.27390144463667
87.94,-43.274503097767045
87.96,-43.27500455024925
87.98,-43.27550607071547
88.0,-43.27600765908799
88.02,-43.27650931528902
88.04,-43.27691068903409
88.06,-43.27731210609976
88.08,-43.277713566446124
88.1,-43.278014690084866
88.12,-43.27831583802973
88.14,-43.278617010263865
88.16,-43.27891820677042
88.18,-43.27921942753254
88.2,-43.27942025484094
88.22,-43.279621092917104
88.24,-43.27982194175603
88.26,-43.280022801352715
88.28,-43.28022367170216
88.3,-43.28032411090761
88.32,-43.28052499737681
88.34,-43.28062544463932
88.36,-43.28072589458627
88.38,-43.28082634721703
88.4,-43.28082634721703
88.42,-43.28092680253098
88.44,-43.28102726052748
88.46,-43.28102726052748
88.48,-43.28102726052748
88.5,-43.28112772120593
88.52,-43.28112772120593
88.54,-43.28112772120593
88.56,-43.28112772120593
88.58,-43.28112772120593
88.6,-43.28102726052748
88.62,-43.28102726052748
88.64,-43.28102726052748
88.66,-43.28092680253098
88.68,-43.28092680253098
88.7,-43.28092680253098
88.72,-43.28082634721703
88.74,-43.28072589458627
88.76,-43.28072589458627
88.78,-43.28062544463932
88.8,-43.28052499737681
88.82,-43.28052499737681
88.84,-43.28042455279936
88.86,-43.28032411090761
88.88,-43.28022367170216
88.9,-43.28022367170216
88.92,-43.28012323518365
88.94,-43.280022801352715
88.96,-43.27992237020997
88.98,-43.27982194175603
89.0,-43.27972151599153
89.02,-43.279621092917104
89.04,-43.279520672533366
89.06,-43.27942025484094
89.08,-43.27931983984046
89.1,-43.27931983984046
89.12,-43.27921942753254
89.14,-43.27911901791781
89.16,-43.27901861099689
89.18,-43.27891820677042
89.2,-43.27881780523901
89.22,-43.278717406403274
89.24,-43.278617010263865
89.26,-43.278516616821385
89.28,-43.278416226076466
89.3,-43.278416226076466
89.32,-43.27831583802973
89.34,-43.2782154526818
89.36,-43.27811507003331
89.38,-43.278014690084866
89.4,-43.27791431283711
89.42,-43.27791431283711
89.44,-43.277813938290656
89.46,-43.277713566446124
89.48,-43.27761319730415
89.5,-43.27761319730415
89.52,-43.27751283086535
89.54,-43.27741246713034
89.56,-43.27741246713034
89.58,-43.27731210609976
89.6,-43.27721174777421
89.62,-43.27721174777421
89.64,-43.277111392154346
89.66,-43.27701103924076
89.68,-43.27701103924076
89.7,-43.27691068903409
89.72,-43.27691068903409
89.74,-43.27681034153496
89.76,-43.27681034153496
89.78,-43.27670999674399
89.8,-43.276609654661804
89.82,-43.276609654661804
89.84,-43.276609654661804
89.86,-43.27650931528902
89.88,-43.27650931528902
89.9,-43.276408978626264
89.92,-43.276408978626264
89.94,-43.27630864467416
89.96,-43.27630864467416
89.98,-43.27630864467416
90.0,-17.43379622811395
90.02,-17.39864614938162
90.04,-17.300836760791725
90.06,-17.150088504672897
90.08,-16.955091852834656
90.1,-16.722347264415383
90.12,-16.457994198997326
90.14,-16.16733779787635
90.16,-15.855108953945669
90.18,-15.52570937649867
90.2,-15.182676834427237
90.22,-14.829680990111354
90.24,-14.469724214882495
90.26,-14.105622710457983
90.28,-13.740225282827003
90.3,-13.37587783630654
90.32,-13.014656004096503
90.34,-12.658589503926056
90.36,-12.309398400824925
90.38,-11.968720570619322
90.4,-11.637642222191907
90.42,-11.317394828191622
90.44,-11.008891719466542
90.46,-10.71316364660507
90.48,-10.43072290021975
90.5,-10.162205080646007
90.52,-9.908148027383994
90.54,-9.668462326600059
90.56,-9.443727407635285
90.58,-9.233913705493903
90.6,-9.03911132513917
90.62,-8.85920520137558
90.64,-8.694317158110879
90.66,-8.544100222681914
90.68,-8.408444623311263
90.7,-8.287072775860294
90.72,-8.179680544189317
90.74,-8.08593687108941
90.76,-8.005554716022866
90.78,-7.938114858451339
90.8,-7.883117651460588
90.82,-7.8401153078688015
90.84,-7.808657001234936
90.86,-7.78816480326781
90.88,-7.778141012716037
90.9,-7.777988496921557
90.92,-7.787118680211746
90.94,-7.80492401844206
90.96,-7.830813377605427
90.98,-7.864064021733146
91.0,-7.904146102965214
91.02,-7.95035384343188
91.04,-8.00200385396641
91.06,-8.058584197332516
91.08,-8.119248379955247
91.1,-8.183623461521577
91.12,-8.250969279248288
91.14,-8.320642162429097
91.16,-8.39228257165962
91.18,-8.465174232641756
91.2,-8.539042808130137
91.22,-8.613213377242827
91.24,-8.687336567135173
91.26,-8.760941422169736
91.28,-8.833760540045938
91.3,-8.905575461556195
91.32,-8.976026748017016
91.34,-9.044781088681635
91.36,-9.111727543417805
91.38,-9.176597549886804
91.4,-9.239551623325184
91.42,-9.299977963844176
91.44,-9.358094399715828
91.46,-9.413949923729446
91.48,-9.467197091246744
91.5,-9.51792421285297
91.52,-9.566242071904329
91.54,-9.612064903748479
91.56,-9.655535773418917
91.58,-9.696377008638374
91.6,-9.734753988932573
91.62,-9.771062660807447
91.64,-9.80483225808196
91.66,-9.836473879276296
91.68,-9.865966490650079
91.7,-9.893293206450274
91.72,-9.918661435189593
91.74,-9.942061405876771
91.76,-9.963485705593003
91.78,-9.983149880561726
91.8,-10.00105023920385
91.82,-10.017405299348983
91.84,-10.03199248727834
91.86,-10.045252959540417
91.88,-10.05696532160566
91.9,-10.067129576831018
91.92,-10.076187819834827
91.94,-10.083919394845488
91.96,-10.090324703970829
91.98,-10.095845836604889
92.0,-10.100041439737469
92.02,-10.103353462451729
92.04,-10.105561326736284
92.06,-10.106885985758092
92.08,-10.107548298241603
92.1,-10.10710675785484
92.12,-10.106223661893585
92.14,-10.104457409951863
92.16,-10.101807885126133
92.18,-10.098716556743575
92.2,-10.095183336032083
92.22,-10.090987274549578
92.24,-10.086128214085646
92.26,-10.080826893120335
92.28,-10.075304145305328
92.3,-10.069118077219143
92.32,-10.062710493537352
92.34,-10.055860437977238
92.36,-10.04878889538004
92.38,-10.041495927086112
92.4,-10.033760600132668
92.42,-10.025804018832904
92.44,-10.017847337164536
92.46,-10.009448673524306
92.48,-10.00105023920385
92.5,-9.992652208756729
92.52,-9.983812804418925
92.54,-9.9751951951867
92.56,-9.966357650185147
92.58,-9.957521346521384
92.6,-9.94846563372294
92.62,-9.93963245832985
92.64,-9.930580372231748
92.66,-9.921530441102824
92.68,-9.912703521018576
92.7,-9.903658474658856
92.72,-9.894836725069757
92.74,-9.88601782634322
92.76,-9.877201974326532
92.78,-9.868609638389644
92.8,-9.86002056459042
92.82,-9.851655032565333
92.84,-9.843072926435227
92.86,-9.834934433381134
92.88,-9.826579695853992
92.9,-9.818668300978553
92.92,-9.810760569407746
92.94,-9.802856639599007
92.96,-9.795176039281849
92.98,-9.78771857037334
93.0,-9.780264850317344
93.02,-9.773034051362252
93.04,-9.766025942835437
93.06,-9.75902145089635
93.08,-9.752239387786362
93.1,-9.745460893960626
93.12,-9.739123029612992
93.14,-9.732788433940408
93.16,-9.726457176735686
93.18,-9.720565620115918
93.2,-9.714677073655269
93.22,-9.709009518602294
93.24,-9.70334485631345
93.26,-9.697900839794515
93.28,-9.692677184001212
93.3,-9.68767360692495
93.32,-9.682672439126325
93.34,-9.677890999121178
93.36,-9.67311182410145
93.38,-9.668769109878594
93.4,-9.66442831409568
93.42,-9.660089458838867
93.44,-9.655969363826534
93.46,-9.652067766832776
93.48,-9.648384414825049
93.5,-9.644702523560788
93.52,-9.6410221064543
93.54,-9.637775914491298
93.56,-9.634314596580579
93.58,-9.631287041630046
93.6,-9.628260519474733
93.62,-9.62523503753591
93.64,-9.622426599343983
93.66,-9.619835001734216
93.68,-9.61724418350407
93.7,-9.614869955422204
93.72,-9.612496389708662
93.74,-9.610123489929768
93.76,-9.60796688918664
93.78,-9.606026423800083
93.8,-9.604086410698685
93.82,-9.602146851825829
93.84,-9.600423182391378
93.86,-9.598699874749183
93.88,-9.5971922784145
93.9,-9.595684961029143
93.92,-9.594177923502798
93.94,-9.592886400485533
93.96,-9.591595084318588
93.98,-9.590303975573384
94.0,-9.589228210478153
94.02,-9.5881525901525
94.04,-9.587077114926403
94.06,-9.58621683943881
94.08,-9.585141626222754
94.1,-9.58449656836277
94.12,-9.583636573111534
94.14,-9.582991638186792
94.16,-9.58234675606701
94.18,-9.581701926823197
94.2,-9.581057150526338
94.22,-9.580627329111781
94.24,-9.579982641217518
94.26,-9.579552878803694
94.28,-9.579338006459365
94.3,-9.578908279508996
94.32,-9.578478576227177
94.34,-9.578263733468532
94.36,-9.578048896634893
94.38,-9.577834065728888
94.4,-9.577619240753135
94.42,-9.577404421710257
94.44,-9.577404421710257
94.46,-9.577189608602879
94.48,-9.577189608602879
94.5,-9.577189608602879
94.52,-9.576974801433616
94.54,-9.576974801433616
94.56,-9.576974801433616
94.58,-9.577189608602879
94.6,-9.577189608602879
94.62,-9.577189608602879
94.64,-9.577189608602879
94.66,-9.577404421710257
94.68,-9.577404421710257
94.7,-9.577619240753135
94.72,-9.577834065728888
94.74,-9.577834065728888
94.76,-9.578048896634893
94.78,-9.578263733468532
94.8,-9.578263733468532
94.82,-9.578478576227177
94.84,-9.578693424908204
94.86,-9.578908279508996
94.88,-9.579123140026924
94.9,-9.579338006459365
94.92,-9.579552878803694
94.94,-9.579767757057287
94.96,-9.579982641217518
94.98,-9.580197531281762
95.0,-9.580412427247392
95.02,-9.580627329111781
95.04,-9.580842236872307
95.06,-9.581057150526338
95.08,-9.581272070071249
95.1,-9.581486995504411
95.12,-9.581701926823197
95.14,-9.581916864024977
95.16,-9.582131807107126
95.18,-9.58234675606701
95.2,-9.582561710902002
95.22,-9.582776671609473
95.24,-9.582991638186792
95.26,-9.583206610631331
95.28,-9.583421588940453
95.3,-9.583636573111534
95.32,-9.583851563141936
95.34,-9.583851563141936
95.36,-9.584066559029031
95.38,-9.584281560770187
95.4,-9.58449656836277
95.42,-9.584711581804148
95.44,-9.584926601091688
95.46,-9.585141626222754
95.48,-9.585356657194716
95.5,-9.585356657194716
95.52,-9.585571694004937
95.54,-9.585786736650784
95.56,-9.58600178512962
95.58,-9.58600178512962
95.6,-9.58621683943881
95.62,-9.58643189957572
95.64,-9.586646965537716
95.66,-9.586646965537716
95.68,-9.586862037322154
95.7,-9.587077114926403
95.72,-9.587077114926403
95.74,-9.587292198347829
95.76,-9.587292198347829
95.78,-9.587507287583787
95.8,-9.587722382631643
95.82,-9.587722382631643
95.84,-9.587937483488762
95.86,-9.587937483488762
95.88,-9.5881525901525
95.9,-9.5881525901525
95.92,-9.5881525901525
95.94,-9.588367702620223
95.96,-9.588367702620223
95.98,-9.58858282088929
96.0,17.016264568287188
96.02,17.02946587786261
96.04,17.06628079627789
96.06,17.12302015070037
96.08,17.197062215805136
96.1,17.286162923759736
96.12,17.38839717999796
96.14,17.501987708547215
96.16,17.625538463008866
96.18,17.757633706875588
96.2,17.89708634448292
96.22,18.042459273133723
96.24,18.192565366419466
96.26,18.346149110286643
96.28,18.50201846520669
96.3,18.658943552273968
96.32,18.815790836376088
96.34,18.971418894370615
96.36,19.124765861522945
96.38,19.274801206003936
96.4,19.42056513129616
96.42,19.561151027218408
96.44,19.69572511564228
96.46,19.823494690813934
96.48,19.94377778452813
96.5,20.055901188987406
96.52,20.15929459693706
96.54,20.253428345756813
96.56,20.33786542098715
96.58,20.412189699588865
96.6,20.476130519299577
96.62,20.529478834367286
96.64,20.572004892609915
96.66,20.603724730775564
96.68,20.624672841990325
96.7,20.634959595554164
96.72,20.63486214938589
96.74,20.624716665343687
96.76,20.605010420918088
96.78,20.576251897137375
96.8,20.53916822993419
96.82,20.494402922456157
96.84,20.442892529212724
96.86,20.38536893379472
96.88,20.322815423869457
96.9,20.256170352255122
96.92,20.186259023168535
96.94,20.113980462524115
96.96,20.040074973800145
96.98,19.965609876701087
97.0,19.89108600318632
97.02,19.817040625110877
97.04,19.744351808848233
97.06,19.67326588102914
97.08,19.60422604963603
97.1,19.537601274587278
97.12,19.4735460638076
97.14,19.412434689819783
97.16,19.35415556679797
97.18,19.298970077810743
97.2,19.24681281488584
97.22,19.19758614945842
97.24,19.151429311301946
97.26,19.1081860915817
97.28,19.06781215882532
97.3,19.030000428651952
97.32,18.994927143034612
97.34,18.9622701995196
97.36,18.93206043591494
97.38,18.9039818498624
97.4,18.877951065264156
97.42,18.85398555183701
97.44,18.831787623618325
97.46,18.81137618636146
97.48,18.79247331001888
97.5,18.775102254668212
97.52,18.759187334199225
97.54,18.744478285005794
97.56,18.731090656695606
97.58,18.71870380872561
97.6,18.707436200925752
97.62,18.697070966455726
97.64,18.68756618587343
97.66,18.6789596213976
97.68,18.67105755833562
97.7,18.663904127838983
97.72,18.6573935862386
97.74,18.651427414026593
97.76,18.646126672854823
97.78,18.641255465015984
97.8,18.636937273365216
97.82,18.63301651813973
97.84,18.629548462297794
97.86,18.62651980293963
97.88,18.62378599643014
97.9,18.62140574896061
97.92,18.619371210298873
97.94,18.6176756151167
97.96,18.61618387515479
97.98,18.614957382801226
98.0,18.613992816240863
98.02,18.613287552137542
98.04,18.612775740879727
98.06,18.612456332737416
98.08,18.6123924948551
98.1,18.612456332737416
98.12,18.612647933877252
98.14,18.61309551355952
98.16,18.61360790803795
98.18,18.6143139739892
98.2,18.615150689688196
98.22,18.616119191757875
98.24,18.617155874785833
98.26,18.618326601745277
98.28,18.61963294504782
98.3,18.62101087520363
98.32,18.622527404032343
98.34,18.624051632671176
98.36,18.625717133313707
98.38,18.627458897632575
98.4,18.629210490922173
98.42,18.631107809766352
98.44,18.63301651813973
98.46,18.634936610693476
98.48,18.637006479359858
98.5,18.639019762090868
98.52,18.641185374675
98.54,18.64329438634183
98.56,18.645487389387213
98.58,18.647694298937882
98.6,18.649915105659204
98.62,18.652149799901657
98.64,18.654398371699212
98.66,18.656660810767747
98.68,18.658937106503455
98.7,18.661301353909057
98.72,18.663531223953218
98.74,18.66584902284703
98.76,18.668180632764397
98.78,18.67045016787968
98.8,18.67273261453432
98.82,18.674951241807744
98.84,18.67725904685714
98.86,18.67950216463854
98.88,18.681679339717917
98.9,18.683867710341616
98.92,18.686067265872747
98.94,18.688277995448836
98.96,18.690340811411396
98.98,18.692493144365496
99.0,18.694575552715655
99.02,18.696586919136116
99.04,18.698607150173356
99.06,18.70055490377042
99.08,18.702510811242867
99.1,18.704474864683068
99.12,18.70628239615094
99.14,18.70817939274892
99.16,18.709917948255733
99.18,18.71174595606351
99.2,18.71341369316317
99.22,18.715087055418028
99.24,18.716766037781664
99.26,18.71836627200101
99.28,18.719971569327548
99.3,18.72149704366086
99.32,18.72294193476068
99.34,18.724390868848516
99.36,18.72584384261275
99.38,18.727129230368103
99.4,18.72850377173208
99.42,18.729795646563513
99.44,18.73100422519171
99.46,18.732215533081288
99.48,18.73342956828304
99.5,18.73455932702547
99.52,18.735604265604646
99.54,18.73665120387552
99.56,18.737700140575075
99.58,18.73866342036149
99.6,18.73962837732973
99.62,18.74050706550907
99.64,18.741387138221274
99.66,18.742268594713543
99.68,18.74306308806315
99.7,18.7438587011072
99.72,18.74456685224202
99.74,18.745275887240552
99.76,18.74598580570816
99.78,18.74660770877655
99.8,18.74723028768106
99.82,18.74785354215421
99.84,18.74838829776809
99.86,18.748923549351296
99.88,18.749459296733697
99.9,18.74990613149809
99.92,18.750353310349947
99.94,18.750800833189974
99.96,18.751248699918637
99.98,18.75160724083433
100.0,18.75196600172368
100.02,18.75232498253537
100.04,18.75268418321799
100.06,18.75295372798926
100.08,18.753223396387174
100.1,18.75349318838993
100.12,18.753763103975686
100.14,18.753943116345944
100.16,18.75421323785475
100.18,18.754393387486754
100.2,18.75457359201208
100.22,18.754753851424216
100.24,18.75493416571664
100.26,18.755024343440926
100.28,18.755114534882836
100.3,18.755294958916267
100.32,18.75538519150615
100.34,18.755475437810396
100.36,18.755565697828178
100.38,18.75565597155868
100.4,18.75565597155868
100.42,18.75574625900109
100.44,18.75574625900109
100.46,18.755836560154574
100.48,18.755836560154574
100.5,18.755836560154574
100.52,18.755836560154574
100.54,18.755836560154574
100.56,18.755836560154574
100.58,18.755836560154574
100.6,18.755836560154574
100.62,18.755836560154574
100.64,18.75574625900109
100.66,18.75574625900109
100.68,18.75574625900109
100.7,18.75565597155868
100.72,18.75565597155868
100.74,18.755565697828178
100.76,18.755565697828178
100.78,18.755475437810396
100.8,18.755475437810396
100.82,18.75538519150615
100.84,18.755294958916267
100.86,18.755294958916267
100.88,18.755204740041552
100.9,18.755114534882836
100.92,18.755114534882836
100.94,18.755024343440926
100.96,18.75493416571664
100.98,18.7548440017108
101.0,18.7548440017108
101.02,18.754753851424216
101.04,18.754663714857703
101.06,18.75457359201208
101.08,18.75448348288816
101.1,18.75448348288816
101.12,18.754393387486754
101.14,18.75430330580868
101.16,18.75421323785475
101.18,18.75421323785475
101.2,18.754123183625776
101.22,18.75403314312257
101.24,18.753943116345944
101.26,18.753943116345944
101.28,18.753853103296713
101.3,18.753763103975686
101.32,18.75367311838367
101.34,18.75367311838367
101.36,18.753583146521482
101.38,18.75349318838993
101.4,18.75349318838993
101.42,18.75340324398982
101.44,18.753313313321964
101.46,18.753313313321964
101.48,18.753223396387174
101.5,18.753133493186255
101.52,18.753133493186255
101.54,18.753043603720013
101.56,18.75295372798926
101.58,18.75295372798926
101.6,18.7528638659948
101.62,18.7528638659948
101.64,18.75277401773744
101.66,18.75277401773744
101.68,18.75268418321799
101.7,18.75268418321799
101.72,18.75259436243725
101.74,18.75259436243725
101.76,18.752504555396033
101.78,18.752504555396033
101.8,18.752504555396033
101.82,18.75241476209514
101.84,18.75241476209514
101.86,18.75232498253537
101.88,18.75232498253537
101.9,18.75232498253537
101.92,18.75223521671754
101.94,18.75223521671754
101.96,18.75223521671754
101.98,18.752145464642442
102.0,9.264557785541944
102.02,9.258293139649053
102.04,9.240992983812822
102.06,9.214382941627138
102.08,9.180382546731217
102.1,9.14044400545161
102.12,9.095706189256099
102.14,9.047149905095567
102.16,8.996044868300876
102.18,8.943180451028002
102.2,8.889038949307187
102.22,8.834520193447847
102.24,8.779930294904686
102.26,8.72597461855345
102.28,8.672924223138956
102.3,8.621043803032558
102.32,8.570829531441277
102.34,8.522498968302317
102.36,8.476254137981375
102.38,8.432174024425905
102.4,8.390538481191243
102.42,8.351395280725754
102.44,8.314967584120799
102.46,8.281098143791736
102.48,8.25013387246767
102.5,8.22182561820664
102.52,8.196378882383517
102.54,8.173627986406817
102.56,8.15370960978844
102.58,8.136406500828205
102.6,8.121803490831406
102.62,8.109773091655185
102.64,8.100258028442271
102.66,8.093113541491785
102.68,8.08828926108318
102.7,8.085666561119478
102.72,8.085124012033495
102.74,8.086546461978404
102.76,8.08980409215787
102.78,8.094785473759124
102.8,8.101348568238045
102.82,8.109391348089956
102.84,8.118718717512296
102.86,8.129312044349357
102.88,8.140971004087431
102.9,8.153562799516775
102.92,8.167017796100307
102.94,8.181223527171142
102.96,8.195998872987547
102.98,8.211373153110952
103.0,8.227095600069223
103.02,8.24313616898873
103.04,8.259486062170248
103.06,8.275971004584266
103.08,8.292500725128344
103.1,8.309088967183186
103.12,8.325663974658502
103.14,8.342050490265605
103.16,8.358393410645299
103.18,8.374414523849103
103.2,8.390162181499875
103.22,8.405699436543527
103.24,8.420861261334458
103.26,8.435721502678371
103.28,8.450115599052863
103.3,8.46425474345762
103.32,8.477851817909036
103.34,8.490999663412158
103.36,8.503800856303142
103.38,8.515963130098351
103.4,8.527863316182257
103.42,8.539210798388781
103.44,8.550121249892197
103.46,8.560437081036707
103.48,8.570420816525495
103.5,8.579918477206881
103.52,8.58891596870756
103.54,8.597400270907958
103.56,8.605504553849366
103.58,8.613074292564429
103.6,8.620392732447087
103.62,8.627159858607662
103.64,8.633514976763355
103.66,8.639451929572525
103.68,8.644965066891594
103.7,8.65019902395213
103.72,8.655000254079393
103.74,8.659515101709168
103.76,8.66358972104679
103.78,8.66722050323074
103.8,8.670707817662663
103.82,8.673898532600102
103.84,8.676638455723873
103.86,8.67923040117772
103.88,8.681520819267616
103.9,8.683508423097399
103.92,8.68519210342724
103.94,8.68672419881841
103.96,8.687950885530968
103.98,8.689024971682425
104.0,8.689792595561638
104.02,8.690406946032628
104.04,8.690867855375323
104.06,8.691175197976719
104.08,8.69132889017917
104.1,8.691175197976719
104.12,8.691021519707645
104.14,8.690714204983129
104.16,8.690253337481067
104.18,8.68963904284482
104.2,8.688871488834899
104.22,8.68810428442416
104.24,8.687184101194942
104.26,8.686111192100643
104.28,8.685038971188499
104.3,8.683814420010178
104.32,8.682590770904568
104.34,8.681368025587519
104.36,8.679993519549472
104.38,8.678467637687582
104.4,8.677095559038376
104.42,8.675572380296954
104.44,8.674050629079938
104.46,8.672378355499182
104.48,8.670707817662663
104.5,8.669190656837747
104.52,8.667523444935146
104.54,8.66585798158609
104.56,8.664194271179351
104.58,8.662381318743604
104.6,8.660721287729052
104.62,8.65906302317506
104.64,8.657256027059907
104.66,8.655601470088703
104.68,8.653948693024565
104.7,8.652297700202348
104.72,8.650498657128644
104.74,8.648851408968143
104.76,8.647205958399926
104.78,8.645562309727511
104.8,8.643920467246701
104.82,8.642280435245546
104.84,8.640791071741948
104.86,8.639154507990199
104.88,8.63766830451309
104.9,8.636183610771994
104.92,8.634700429960526
104.94,8.633218765266912
104.96,8.63173861987397
104.98,8.630259996959087
105.0,8.628930540676162
105.02,8.62760232247839
105.04,8.626275344670754
105.06,8.624949609554639
105.08,8.623625119427828
105.1,8.622448841901582
105.12,8.621126709677688
105.14,8.619952531694983
105.16,8.618925938447951
105.18,8.617753619019503
105.2,8.6165822931206
105.22,8.61555819921965
105.24,8.6145348682816
105.26,8.613512301373843
105.28,8.612490499562426
105.3,8.611615279199679
105.32,8.610594901105136
105.34,8.609720902642136
105.36,8.60884746919114
105.38,8.607974601419517
105.4,8.607247644206979
105.42,8.606375815245052
105.44,8.605649724639449
105.46,8.604924028561687
105.48,8.604198727396017
105.5,8.603473821526334
105.52,8.602894181701446
105.54,8.602314795307665
105.56,8.601590919001598
105.58,8.60101210354442
105.6,8.600433542155
105.62,8.599999787962561
105.64,8.599421671662247
105.66,8.598843809967182
105.68,8.598410580897994
105.7,8.597977495236332
105.72,8.597544553064436
105.74,8.597111754464494
105.76,8.596679099518653
105.78,8.59639074273647
105.8,8.595958327396543
105.82,8.595670130427598
105.84,8.595237954921418
105.86,8.594949917917528
105.88,8.594661944942136
105.9,8.594374036019497
105.92,8.594086191173865
105.94,8.593798410429473
105.96,8.593654544102815
105.98,8.593366859555717
106.0,8.593223041341329
106.02,8.592935453046008
106.04,8.592791682971125
106.06,8.592647928948793
106.08,8.592504190982037
106.1,8.592360469073878
106.12,8.59221676322734
106.14,8.592073073445446
106.16,8.591929399731214
106.18,8.591785742087668
106.2,8.591642100517827
106.22,8.591642100517827
106.24,8.59149847502471
106.26,8.59135486561134
106.28,8.59135486561134
106.3,8.59121127228073
106.32,8.59121127228073
106.34,8.59121127228073
106.36,8.591067695035903
106.38,8.591067695035903
106.4,8.591067695035903
106.42,8.591067695035903
106.44,8.590924133879874
106.46,8.590924133879874
106.48,8.590924133879874
106.5,8.590924133879874
106.52,8.590924133879874
106.54,8.590924133879874
106.56,8.590924133879874
106.58,8.590924133879874
106.6,8.590924133879874
106.62,8.590924133879874
106.64,8.590924133879874
106.66,8.590924133879874
106.68,8.591067695035903
106.7,8.591067695035903
106.72,8.591067695035903
106.74,8.591067695035903
106.76,8.591067695035903
106.78,8.591067695035903
106.8,8.59121127228073
106.82,8.59121127228073
106.84,8.59121127228073
106.86,8.59121127228073
106.88,8.59135486561134
106.9,8.59135486561134
106.92,8.59135486561134
106.94,8.59135486561134
106.96,8.59149847502471
106.98,8.59149847502471
107.0,8.59149847502471
107.02,8.591642100517827
107.04,8.591642100517827
107.06,8.591642100517827
107.08,8.591642100517827
107.1,8.591785742087668
107.12,8.591785742087668
107.14,8.591785742087668
107.16,8.591929399731214
107.18,8.591929399731214
107.2,8.591929399731214
107.22,8.591929399731214
107.24,8.592073073445446
107.26,8.592073073445446
107.28,8.592073073445446
107.3,8.592073073445446
107.32,8.59221676322734
107.34,8.59221676322734
107.36,8.59221676322734
107.38,8.59221676322734
107.4,8.592360469073878
107.42,8.592360469073878
107.44,8.592360469073878
107.46,8.592360469073878
107.48,8.592504190982037
107.5,8.592504190982037
107.52,8.592504190982037
107.54,8.592504190982037
107.56,8.592647928948793
107.58,8.592647928948793
107.6,8.592647928948793
107.62,8.592647928948793
107.64,8.592647928948793
107.66,8.592791682971125
107.68,8.592791682971125
107.7,8.592791682971125
107.72,8.592791682971125
107.74,8.592791682971125
107.76,8.592791682971125
107.78,8.592935453046008
107.8,8.592935453046008
107.82,8.592935453046008
107.84,8.592935453046008
107.86,8.592935453046008
107.88,8.592935453046008
107.9,8.592935453046008
107.92,8.593079239170418
107.94,8.593079239170418
107.96,8.593079239170418
107.98,8.593079239170418
108.0,37.458924281560925
108.02,37.48502612715018
108.04,37.55705973667825
108.06,37.668009872396155
108.08,37.81143317917063
108.1,37.981824036488746
108.12,38.174793840984165
108.14,38.38629861317843
108.16,38.61301367886367
108.18,38.85194721253301
108.2,39.1004379474552
108.22,39.356155093985564
108.24,39.61728857810835
108.26,39.88160541706704
108.28,40.14740527312861
108.3,40.41351776929502
108.32,40.678190484848436
108.34,40.940400807037264
108.36,41.19857694552649
108.38,41.45206035947664
108.4,41.69949364695036
108.42,41.94008330984823
108.44,42.17306604666338
108.46,42.39771905865777
108.48,42.613526400324524
108.5,42.81970892726194
108.52,43.01586709288392
108.54,43.20179475016908
108.56,43.37704898980215
108.58,43.54139694223869
108.6,43.694787818061315
108.62,43.83709001439226
108.64,43.968340410283034
108.66,44.088506963281525
108.68,44.19771092168754
108.7,44.29610340408579
108.72,44.38378640248162
108.74,44.46106211097946
108.76,44.52804432700222
108.78,44.585156430174926
108.8,44.632651549319846
108.82,44.67092225822405
108.84,44.70030552162203
108.86,44.72122773521618
108.88,44.734173453833236
108.9,44.739586409059555
108.92,44.73798896503936
108.94,44.72991290918631
108.96,44.71590736925289
108.98,44.69654430446379
109.0,44.672414543070914
109.02,44.64403026847102
109.04,44.61200870410752
109.06,44.57693481044351
109.08,44.539319377284286
109.1,44.49963373007651
109.12,44.458457817431764
109.14,44.416126577404334
109.16,44.37307765011479
109.18,44.32971881062428
109.2,44.286425343461886
109.22,44.243444121712926
109.24,44.20097676638321
109.26,44.15928256480358
109.28,44.11848980946808
109.3,44.0788970437157
109.32,44.04046990619538
109.34,44.00345538977114
109.36,43.96776416312467
109.38,43.93349465467372
109.4,43.90072888559507
109.42,43.86942592755493
109.44,43.83963888402518
109.46,43.81140991581143
109.48,43.78455404372231
109.5,43.75920416840395
109.52,43.73526921001999
109.54,43.712761393902255
109.56,43.69157985276989
109.58,43.67172898928037
109.6,43.653102077167
109.62,43.63569884045053
109.64,43.61940943920375
109.66,43.60433861459399
109.68,43.59037454085714
109.7,43.5774055711731
109.72,43.565427310324516
109.74,43.5544350344432
109.76,43.54431746110464
109.78,43.53517647913291
109.8,43.526795250222136
109.82,43.5191702052509
109.84,43.512297896107356
109.86,43.50617505240482
109.88,43.50079863152843
109.9,43.49606063432559
109.92,43.49185380143211
109.94,43.48828153388151
109.96,43.48523720032764
109.98,43.482824447385845
110.0,43.48083245911588
110.02,43.479260579772
110.04,43.47821302611792
110.06,43.47758463489471
110.08,43.477375194693
110.1,43.47747991332157
110.12,43.47800355061459
110.14,43.47884152311258
110.16,43.47999404164972
110.18,43.48135656479577
110.2,43.483139067619824
110.22,43.48502733517191
110.24,43.48723149193363
110.26,43.48964701410302
110.28,43.492274282955535
110.3,43.49511370719686
110.32,43.49806044085958
110.34,43.50122005615914
110.36,43.504593021221176
110.38,43.50796875145488
110.4,43.51155845909558
110.42,43.51525692918113
110.44,43.51895858657561
110.46,43.52287518612967
110.48,43.526795250222136
110.5,43.53082481520705
110.52,43.5348579262359
110.54,43.538894527960345
110.56,43.54304092734587
110.58,43.54729733979428
110.6,43.55145088249051
110.62,43.55560785916782
110.64,43.55987492765065
110.66,43.564145476858506
110.68,43.568312549454056
110.7,43.57248280438498
110.72,43.57665617866982
110.74,43.58083260898787
110.76,43.585012031681025
110.78,43.58908710693212
110.8,43.59316490281753
110.82,43.59724535953802
110.84,43.60122093530564
110.86,43.60519892098923
110.88,43.60907165337142
110.9,43.612946562317845
110.92,43.61671587217173
110.94,43.62048714209217
110.96,43.624152492540915
110.98,43.62771172181358
111.0,43.63127256802226
111.02,43.634727015281314
111.04,43.63818290700021
111.06,43.641532144068464
111.08,43.64477456600781
111.1,43.64791002268387
111.12,43.6510465473125
111.14,43.65418411151741
111.16,43.657106201489896
111.18,43.660029144873604
111.2,43.66284461610624
111.22,43.665660836577295
111.24,43.66836942812331
111.26,43.6709702924882
111.28,43.67346333878748
111.3,43.67595690995338
111.32,43.67834254273208
111.34,43.68072862972299
111.36,43.68300667020663
111.38,43.68517659635834
111.4,43.68734686763833
111.42,43.689300398904585
111.44,43.69136274670951
111.46,43.69320824847768
111.48,43.69516255266032
111.5,43.696899916569066
111.52,43.69863746788753
111.54,43.70026658801864
111.56,43.70189586436464
111.58,43.70341665959173
111.6,43.70493758395254
111.62,43.706349983549224
111.64,43.707762488899576
111.66,43.70906643152402
111.68,43.71026178758939
111.7,43.71145721401889
111.72,43.71265270917341
111.74,43.71373958120704
111.76,43.71482650744833
111.78,43.71580478639236
111.8,43.71678310734322
111.82,43.71765276050218
111.84,43.7185224455054
111.86,43.7193921617186
111.88,43.720153188508114
111.9,43.72091423828133
111.92,43.721675310612504
111.94,43.722327675956315
111.96,43.72298005729191
111.98,43.72352372042711
112.0,43.72406739432573
112.02,43.724611078832204
112.04,43.72515477379092
112.06,43.72558973717887
112.08,43.726024707076874
112.1,43.726459683405146
112.12,43.726785919823214
112.14,43.727220907212434
112.16,43.72754715183453
112.18,43.72776465017348
112.2,43.72809090054327
112.22,43.72830840268282
112.24,43.72863465870669
112.26,43.728743411460194
112.28,43.72896091807803
112.3,43.729178426168644
112.32,43.72928718076312
112.34,43.729504691044156
112.36,43.729613446728216
112.38,43.72972220277297
112.4,43.72983095917718
112.42,43.72983095917718
112.44,43.72993971593957
112.46,43.72993971593957
112.48,43.73004847305891
112.5,43.73004847305891
112.52,43.73004847305891
112.54,43.73004847305891
112.56,43.73004847305891
112.58,43.73004847305891
112.6,43.73004847305891
112.62,43.72993971593957
112.64,43.72993971593957
112.66,43.72993971593957
112.68,43.72983095917718
112.7,43.72983095917718
112.72,43.72972220277297
112.74,43.729613446728216
112.76,43.729613446728216
112.78,43.729504691044156
112.8,43.72939593572204
112.82,43.72939593572204
112.84,43.72928718076312
112.86,43.729178426168644
112.88,43.72906967193986
112.9,43.72896091807803
112.92,43.72885216458439
112.94,43.728743411460194
112.96,43.72863465870669
112.98,43.728525906325125
113.0,43.72841715431675
113.02,43.72830840268282
113.04,43.728199651424575
113.06,43.72809090054327
113.08,43.727982150040155
113.1,43.727873399916476
113.12,43.72776465017348
113.14,43.727655900812415
113.16,43.72754715183453
113.18,43.727438403241074
113.2,43.72732965503329
113.22,43.72732965503329
113.24,43.727220907212434
113.26,43.72711215977975
113.28,43.72700341273649
113.3,43.72689466608389
113.32,43.726785919823214
113.34,43.7266771739557
113.36,43.726568428482594
113.38,43.726459683405146
113.4,43.72635093872461
113.42,43.726242194442214
113.44,43.726242194442214
113.46,43.72613345055922
113.48,43.726024707076874
113.5,43.72591596399642
113.52,43.7258072213191
113.54,43.7258072213191
113.56,43.72569847904617
113.58,43.72558973717887
113.6,43.725480995718456
113.62,43.725480995718456
113.64,43.725372254666155
113.66,43.725263514023226
113.68,43.725263514023226
113.7,43.72515477379092
113.72,43.72515477379092
113.74,43.725046033970465
113.76,43.72493729456313
113.78,43.72493729456313
113.8,43.72482855557014
113.82,43.72482855557014
113.84,43.72471981699275
113.86,43.72471981699275
113.88,43.724611078832204
113.9,43.724611078832204
113.92,43.72450234108975
113.94,43.72450234108975
113.96,43.72450234108975
113.98,43.72439360376663
114.0,34.696147937352734
114.02,34.69489300604566
114.04,34.691373855677746
114.06,34.6859761652654
114.08,34.679134337701484
114.1,34.671136088792615
114.12,34.662267928612415
114.14,34.6527749841277
114.16,34.6428605834315
114.18,34.632719825744964
114.2,34.62250547239963
114.22,34.612361145954765
114.24,34.6023907199638
114.26,34.592690489915576
114.28,34.58334804482824
114.3,34.574441213575795
114.32,34.56599082547745
114.34,34.558039713286526
114.36,34.55066513851007
114.38,34.54383284288459
114.4,34.537622602695315
114.42,34.53199587927187
114.44,34.526967558275125
114.46,34.52255757467934
114.48,34.51874037606387
114.5,34.51550500992279
114.52,34.51285440978918
114.54,34.51076062183034
114.56,34.509209697990606
114.58,34.50817557686318
114.6,34.50764090933272
114.62,34.507577660526444
114.64,34.50796142347223
114.66,34.508762556059175
114.68,34.50996148820615
114.7,34.51152429355048
114.72,34.51342138179621
114.74,34.51563269069753
114.76,34.51812267684377
114.78,34.52086273349637
114.8,34.52383791632736
114.82,34.527024403658054
114.84,34.53036778913139
114.86,34.533888329219394
114.88,34.53751402012564
114.9,34.54127329408407
114.92,34.54510889691157
114.94,34.54901851940005
114.96,34.552961180601216
114.98,34.556960726576
115.0,34.560955215211116
115.02,34.56494936410365
115.04,34.56895194759275
115.06,34.57292410196276
115.08,34.576851123606986
115.1,34.580746096047825
115.12,34.58457010887324
115.14,34.58831068318487
115.16,34.59201361337242
115.18,34.595612480119755
115.2,34.59912660809921
115.22,34.60257788538263
115.24,34.60589842432918
115.26,34.60914175997468
115.28,34.61230220582319
115.3,34.615310700419585
115.32,34.6182567269012
115.34,34.62107162145958
115.36,34.62378293222702
115.38,34.62641974440656
115.4,34.628912380818406
115.42,34.631290187697374
115.44,34.633583792332374
115.46,34.63579087068604
115.48,34.63784071320457
115.5,34.639833511883516
115.52,34.64169871488368
115.54,34.643468893955976
115.56,34.64517742351683
115.58,34.646753107325345
115.6,34.6482294032064
115.62,34.6496404219869
115.64,34.65094993124992
115.66,34.65219243620072
115.68,34.65333162616442
115.7,34.654402355383354
115.72,34.65540407355214
115.74,34.65630038384625
115.76,34.65712657656631
115.78,34.65791826147848
115.8,34.658603094656776
115.82,34.65925282339126
115.84,34.65983112327577
115.86,34.660337722064895
115.88,34.66080862312708
115.9,34.661207443405345
115.92,34.66157029703661
115.94,34.6618607780223
115.96,34.662151434601206
115.98,34.66233318393495
116.0,34.662515001578925
116.02,34.66266050480478
116.04,34.66273327276887
116.06,34.6628060516245
116.08,34.6628060516245
116.1,34.6628060516245
116.12,34.66276966083567
116.14,34.66269688742494
116.16,34.662587747739146
116.18,34.662478632590506
116.2,34.66233318393495
116.22,34.662151434601206
116.24,34.6619697536858
116.26,34.6617518270516
116.28,34.66153399928181
116.3,34.661316270562715
116.32,34.66106237916113
116.34,34.660772383332684
116.36,34.66051878236542
116.38,34.66022911923506
116.4,34.65990346108493
116.42,34.659614176878044
116.44,34.65928894612957
116.46,34.65896394255203
116.48,34.6586391667669
116.5,34.6582785727021
116.52,34.657954279848795
116.54,34.657630216715404
116.56,34.65727041674294
116.58,34.65691090198361
116.6,34.65658758325537
116.62,34.656228612726125
116.64,34.655869929854774
116.66,34.655511535481544
116.68,34.655189227904785
116.7,34.654831383987556
116.72,34.65447383099684
116.74,34.65415228273717
116.76,34.653795284804865
116.78,34.65347423745015
116.8,34.653117797579014
116.82,34.652797253827266
116.84,34.652476949563386
116.86,34.652156885389786
116.88,34.6518370619079
116.9,34.65151747971821
116.92,34.651198139420245
116.94,34.65091448493111
116.96,34.65059560317208
116.98,34.65031235722012
117.0,34.65002930417519
117.02,34.649746444455154
117.04,34.64946377847729
117.06,34.64921660500337
117.08,34.64893430341468
117.1,34.64868744942087
117.12,34.64844074495486
117.14,34.64819419029431
117.16,34.64794778571652
117.18,34.64770153149841
117.2,34.64749057633804
117.22,34.647279732023215
117.24,34.64703388731752
117.26,34.646823283763936
117.28,34.646647865888816
117.3,34.64643746669205
117.32,34.64626221935671
117.34,34.64605202509828
117.36,34.64587694878682
117.38,34.645701950373265
117.4,34.64552702995734
117.42,34.64538714984985
117.44,34.64521237008068
117.46,34.645072602619564
117.48,34.644932885306204
117.5,34.64475830926227
117.52,34.644653601326155
117.54,34.64451403476103
117.56,34.64437451854684
117.58,34.644269914459485
117.6,34.64413048648139
117.62,34.64402594862926
117.64,34.64392143919925
117.66,34.64381695821268
117.68,34.64371250569088
117.7,34.643608081655145
117.72,34.64353848146744
117.74,34.643434104955816
117.76,34.64336453647055
117.78,34.64326020754214
117.8,34.6431906707987
117.82,34.64312114676302
117.84,34.64305163544138
117.86,34.64298213684007
117.88,34.642947392311505
117.9,34.64287791280249
117.92,34.64280844602952
117.94,34.642773717421015
117.96,34.6427042697639
117.98,34.64266955071685
118.0,34.642634834858534
118.02,34.642565412711186
118.04,34.64253070642374
118.06,34.64249600332815
118.08,34.6424613034252
118.1,34.64242660671568
118.12,34.64239191320037
118.14,34.64239191320037
118.16,34.64235722288005
118.18,34.64232253575551
118.2,34.64232253575551
118.22,34.64228785182753
118.24,34.64228785182753
118.26,34.6422531710969
118.28,34.6422531710969
118.3,34.642218493564386
118.32,34.642218493564386
118.34,34.642218493564386
118.36,34.64218381923078
118.38,34.64218381923078
118.4,34.64218381923078
118.42,34.64218381923078
118.44,34.64214914809687
118.46,34.64214914809687
118.48,34.64214914809687
118.5,34.64214914809687
118.52,34.64214914809687
118.54,34.64214914809687
118.56,34.64214914809687
118.58,34.64214914809687
118.6,34.64214914809687
118.62,34.64214914809687
118.64,34.64214914809687
118.66,34.64214914809687
118.68,34.64218381923078
118.7,34.64218381923078
118.72,34.64218381923078
118.74,34.64218381923078
118.76,34.64218381923078
118.78,34.64218381923078
118.8,34.642218493564386
118.82,34.642218493564386
118.84,34.642218493564386
118.86,34.642218493564386
118.88,34.642218493564386
118.9,34.6422531710969
118.92,34.6422531710969
118.94,34.6422531710969
118.96,34.6422531710969
118.98,34.64228785182753
119.0,34.64228785182753
119.02,34.64228785182753
119.04,34.64228785182753
119.06,34.64232253575551
119.08,34.64232253575551
119.1,34.64232253575551
119.12,34.64232253575551
119.14,34.64232253575551
119.16,34.64235722288005
119.18,34.64235722288005
119.2,34.64235722288005
119.22,34.64235722288005
119.24,34.64239191320037
119.26,34.64239191320037
119.28,34.64239191320037
119.3,34.64239191320037
119.32,34.64242660671568
119.34,34.64242660671568
119.36,34.64242660671568
119.38,34.64242660671568
119.4,34.64242660671568
119.42,34.6424613034252
119.44,34.6424613034252
119.46,34.6424613034252
119.48,34.6424613034252
119.5,34.6424613034252
119.52,34.64249600332815
119.54,34.64249600332815
119.56,34.64249600332815
119.58,34.64249600332815
119.6,34.64249600332815
119.62,34.64253070642374
119.64,34.64253070642374
119.66,34.64253070642374
119.68,34.64253070642374
119.7,34.64253070642374
119.72,34.64253070642374
119.74,34.642565412711186
119.76,34.642565412711186
119.78,34.642565412711186
119.8,34.642565412711186
119.82,34.642565412711186
119.84,34.642565412711186
119.86,34.642565412711186
119.88,34.642565412711186
119.9,34.64260012218971
119.92,34.64260012218971
119.94,34.64260012218971
119.96,34.64260012218971
119.98,34.64260012218971
120.0,11.263320197924246
120.02,11.233542234744855
120.04,11.150977235969878
120.06,11.023255924564468
120.08,10.857405169936875
120.1,10.658778289230987
120.12,10.431812953789256
120.14,10.180305355705169
120.16,9.90743162341215
120.18,9.6162538921112
120.2,9.3087316615995
120.22,8.987727226278592
120.24,8.654479352838953
120.26,8.31114154941573
120.28,7.959245925667228
120.3,7.600744135895478
120.32,7.2366636544947935
120.34,6.868704673509223
120.36,6.4981545204886775
120.38,6.126976316756189
120.4,5.756131733110704
120.42,5.387229866058625
120.44,5.021678518174156
120.46,4.661225387330367
120.48,4.306817829938167
120.5,3.9599876264236444
120.52,3.621992734486892
120.54,3.294348559546763
120.56,2.9779952041587445
120.58,2.674101697462194
120.6,2.383772703018389
120.62,2.107548471847447
120.64,1.8468749516994327
120.66,1.6021277430141958
120.68,1.3738566088175572
120.7,1.1627323465840103
120.72,0.9689193258726626
120.74,0.7930671753857021
120.76,0.6349880181150307
120.78,0.4950908986899349
120.8,0.3730544592636122
120.82,0.2690278934434386
120.84,0.18254845212530244
120.86,0.11340937477124835
120.88,0.06116391788367584
120.9,0.02521315006180342
120.92,0.004919212540366406
120.94,-0.0003993958294156116
120.96,0.008395792577574777
120.98,0.03036826650669525
121.0,0.06459001163261487
121.02,0.10995913550330935
121.04,0.16542283030717272
121.06,0.22982751054296433
121.08,0.30197870810909183
121.1,0.38081154443405496
121.12,0.46532139441319226
121.14,0.5542100470319556
121.16,0.6467324666389775
121.18,0.7416643765121083
121.2,0.838218027233022
121.22,0.9354557483149387
121.24,1.0328339140436564
121.26,1.1296000928605219
121.28,1.2251947021713436
121.3,1.319086132573644
121.32,1.410921487847765
121.34,1.5002876887069798
121.36,1.5869151737709193
121.38,1.6705670988844277
121.4,1.7511167441537385
121.42,1.828372579476356
121.44,1.9022985556294623
121.46,1.9728099711344143
121.48,2.039911700523731
121.5,2.103578004369023
121.52,2.1638648488284224
121.54,2.2208482299239485
121.56,2.274502923941304
121.58,2.324993783970453
121.6,2.372349657131761
121.62,2.416667271618164
121.64,2.458079995558522
121.66,2.4966384546251357
121.68,2.532456550843383
121.7,2.5656514033910964
121.72,2.5963131042614216
121.74,2.62456272868607
121.76,2.650493058040187
121.78,2.6741682920039285
121.8,2.695740548945248
121.82,2.7152742045906835
121.84,2.73286262266091
121.86,2.7485987468013096
121.88,2.762604032510409
121.9,2.774912185033873
121.92,2.78561446854897
121.94,2.7948304643861985
121.96,2.802592186716514
121.98,2.808989059551932
122.0,2.8141099332535076
122.02,2.818014225503509
122.04,2.820760927377509
122.06,2.8223797388561644
122.08,2.823015640030647
122.1,2.8226398843745395
122.12,2.8213680075566434
122.14,2.8192575478739768
122.16,2.816308061292178
122.18,2.8126057200637744
122.2,2.808207719861695
122.22,2.8031422745818046
122.24,2.797466514354541
122.26,2.791237598168611
122.28,2.7844547543835927
122.3,2.777175185273818
122.32,2.769456188044105
122.34,2.7613261297427156
122.36,2.7528134359157526
122.38,2.7439756796784205
122.4,2.734812383637845
122.42,2.7253521941659535
122.44,2.715652977006689
122.46,2.705743603435312
122.48,2.6956238589411314
122.5,2.6853227340186443
122.52,2.67489851418015
122.54,2.664351187814448
122.56,2.65370999768858
122.58,2.6429750058260524
122.6,2.6322048337275437
122.62,2.62137036608377
122.64,2.6105303468668977
122.66,2.5997143219244148
122.68,2.5888932272581346
122.7,2.578096634427156
122.72,2.5673541642566353
122.74,2.5566661118016256
122.76,2.5460327650785306
122.78,2.535513183757651
122.8,2.5250782998343224
122.82,2.514728403088812
122.84,2.504522603862418
122.86,2.494431792846831
122.88,2.4844562456303945
122.9,2.474625660265954
122.92,2.4649403025054277
122.94,2.4554298683544147
122.96,2.446035702908406
122.98,2.436846375951391
123.0,2.427803195022417
123.02,2.418935807838785
123.04,2.4102149310549263
123.06,2.401699654374874
123.08,2.3933606660136357
123.1,2.385227569276443
123.12,2.377241549687708
123.14,2.3694616522007625
123.16,2.3618585034770074
123.18,2.3544616562218605
123.2,2.3472417123969063
123.22,2.3401987331710563
123.24,2.3333327700330897
123.26,2.3266733312971217
123.28,2.3202204466018657
123.3,2.3139152107583887
123.32,2.3078165689408943
123.34,2.3018950675451797
123.36,2.296150711291129
123.38,2.290583499234047
123.4,2.285193425260103
123.42,2.2799804785676776
123.44,2.2749446441344716
123.46,2.2700564574905124
123.48,2.2653747903448216
123.5,2.2608112881561233
123.52,2.256454253000006
123.54,2.2522447763880575
123.56,2.248182834449261
123.58,2.2442684018131165
123.6,2.240501451857165
123.62,2.236881956945885
123.64,2.2334393117415647
123.66,2.23008521802241
123.68,2.2269079157020033
123.7,2.2238485362789033
123.72,2.220936470803729
123.74,2.218142278430455
123.76,2.215465936596967
123.78,2.2129074228714387
123.8,2.210496120158846
123.82,2.208173194411953
123.84,2.205968031363338
123.86,2.2038806101154287
123.88,2.2018815127712545
123.9,2.20000012071718
123.92,2.1982070205905115
123.94,2.196502198773148
123.96,2.19491503326488
123.98,2.1934161172755124
124.0,2.191976050315736
124.02,2.190653599050634
124.04,2.1893899767829708
124.06,2.1882145613923627
124.08,2.1870979591865716
124.1,2.186069546583068
124.12,2.1850999329245777
124.14,2.1842184934944107
124.16,2.1833958404700113
124.18,2.1826319690276574
124.2,2.1819268746540152
124.22,2.1812805531537283
124.24,2.18069300065642
124.26,2.1801348368500473
124.28,2.179635436295958
124.3,2.179194795958217
124.32,2.178812913146375
124.34,2.1784604104623813
124.36,2.178166661551724
124.38,2.1778729156699015
124.4,2.1776379211484773
124.42,2.177461676533065
124.44,2.1772854330122415
124.46,2.1771679379403173
124.48,2.1770798169561227
124.5,2.1769916962461457
124.52,2.176962322737113
124.54,2.176962322737113
124.56,2.176962322737113
124.58,2.1769916962461457
124.6,2.1770504433556552
124.62,2.1771385642484584
124.64,2.177226685415391
124.66,2.1773441807308305
124.68,2.177461676533065
124.7,2.17760854696994
124.72,2.1777847924967055
124.74,2.1779610391161306
124.76,2.178137286827164
124.78,2.17834291053497
124.8,2.178548535725474
124.82,2.1787541623970035
124.84,2.1789891661186833
124.86,2.1792241717700893
124.88,2.17945917934873
124.9,2.1796941888521113
124.92,2.1799585768409764
124.94,2.1802229672591364
124.96,2.180457983000706
124.98,2.1807223779978484
125.0,2.1809867754140306
125.02,2.1812805531537283
125.04,2.1815449556651165
125.06,2.181809360584502
125.08,2.182073767908335
125.1,2.1823675566394214
125.12,2.1826319690276574
125.14,2.1828963838093
125.16,2.183160800980801
125.18,2.1834546006366278
125.2,2.1837190228417303
125.22,2.183983447425651
125.24,2.184247874384841
125.26,2.1845123037157523
125.28,2.1847473539981013
125.3,2.1850117877992488
125.32,2.1852762239618677
125.34,2.1855112803082406
125.36,2.1857757209217343
125.38,2.186010781218816
125.4,2.18624584337116
125.42,2.186480907376276
125.44,2.186715973231673
125.46,2.186951040934858
125.48,2.1871567266889502
125.5,2.1873624138541796
125.52,2.187597486625937
125.54,2.187803176809411
125.56,2.188008868398776
125.58,2.1882145613923627
125.6,2.188390870788962
125.62,2.188596566385964
125.64,2.188772878011594
125.66,2.188949190664344
125.68,2.189125504343162
125.7,2.1893018190469986
125.72,2.1894487487491046
125.74,2.1896250653294116
125.76,2.189771996593771
125.78,2.1899483150470167
125.8,2.1900952478706865
125.82,2.1902127946392707
125.84,2.190359728736551
125.86,2.1905066635405417
125.88,2.190624211892157
125.9,2.190741760695366
125.92,2.190888697333957
125.94,2.191006247152114
125.96,2.1910944098114435
125.98,2.1912119604179154
126.0,-31.37192623032397
126.02,-31.408004560059805
126.04,-31.50816585524886
126.06,-31.66272418497326
126.08,-31.863686420660194
126.1,-32.104376403014385
126.12,-32.379047916961206
126.14,-32.682659302975196
126.16,-33.010743396339464
126.18,-33.35923636407721
126.2,-33.72441957227791
126.22,-34.102829046507786
126.24,-34.49121303596556
126.26,-34.88659526910707
126.28,-35.2858528688325
126.3,-35.686795495647296
126.32,-36.0864168631123
126.34,-36.48279839422123
126.36,-36.873816155270845
126.38,-37.257183268996165
126.4,-37.63152532392185
126.42,-37.99491926120139
126.44,-38.346348217563126
126.46,-38.68428503449473
126.48,-39.00770580124909
126.5,-39.31586442896295
126.52,-39.60792444230795
126.54,-39.883162347489794
126.56,-40.1409758203711
126.58,-40.38133232707913
126.6,-40.60381988679287
126.62,-40.80842545492314
126.64,-40.99497158000809
126.66,-41.163655266870286
126.68,-41.31475593054481
126.7,-41.448545403170314
126.72,-41.5654991414599
126.74,-41.66624490351155
126.76,-41.75126652061622
126.78,-41.82140323768221
126.8,-41.877318195299885
126.82,-41.919903906583876
126.84,-41.950040907497495
126.86,-41.96866007445772
126.88,-41.976681315277425
126.9,-41.97504986531852
126.92,-41.964711119536325
126.94,-41.94661097521447
126.96,-41.92165942549069
126.98,-41.89075751104418
127.0,-41.85474064824535
127.02,-41.81443997301244
127.04,-41.770598948722565
127.06,-41.723902155232786
127.08,-41.67510479781918
127.1,-41.62479869479224
127.12,-41.573512111914276
127.14,-41.52178741308614
127.16,-41.470039677755956
127.18,-41.4186244979865
127.2,-41.367924711805586
127.22,-41.31827762827508
127.24,-41.269889582572176
127.26,-41.22283242273826
127.28,-41.177485110300275
127.3,-41.13375412048155
127.32,-41.09186400862938
127.34,-41.05174550789179
127.36,-41.01357092595202
127.38,-40.97722445949719
127.4,-40.9428388043504
127.42,-40.91026537074566
127.44,-40.879520742178634
127.46,-40.850523599584086
127.48,-40.82327236898779
127.5,-40.79767239124327
127.52,-40.77371098281045
127.54,-40.751286389154856
127.56,-40.73038000951817
127.58,-40.71080410118485
127.6,-40.692622379278305
127.62,-40.67573072489789
127.64,-40.66010832699635
127.66,-40.64557231507262
127.68,-40.63218548269726
127.7,-40.619849008312734
127.72,-40.60854598145805
127.74,-40.598181232292326
127.76,-40.5886621279201
127.78,-40.58005450761683
127.8,-40.572190378630964
127.82,-40.5651374491792
127.84,-40.55873178357128
127.86,-40.5531195638877
127.88,-40.5480631164502
127.9,-40.543633483314046
127.92,-40.53982534670988
127.94,-40.53655817724222
127.96,-40.53375271307927
127.98,-40.5314819807046
128.0,-40.52966796162173
128.02,-40.52830894836071
128.04,-40.52732824046338
128.06,-40.52672506255713
128.08,-40.52649893663018
128.1,-40.52664968325978
128.12,-40.5271020188531
128.14,-40.527856230327984
128.16,-40.528912795226795
128.18,-40.5301968144483
128.2,-40.53178453924273
128.22,-40.533601220210016
128.24,-40.535571858812325
128.26,-40.537848981315584
128.28,-40.54028180723667
128.3,-40.542871075341715
128.32,-40.545617565710174
128.34,-40.5485220987985
128.36,-40.55158553443333
128.38,-40.55480877073134
128.4,-40.55811575238347
128.42,-40.561506937245284
128.44,-40.5649827892534
128.46,-40.56862127918161
128.48,-40.57226805557048
128.5,-40.5760009263298
128.52,-40.5797423392377
128.54,-40.58364867220142
128.56,-40.58748576015289
128.58,-40.59141016055267
128.6,-40.595343596933425
128.62,-40.5993649482176
128.64,-40.60331645233405
128.66,-40.60735610519196
128.68,-40.611325425891465
128.7,-40.615303472357596
128.72,-40.6192901813957
128.74,-40.62320549925738
128.76,-40.627209171628465
128.78,-40.63114098957508
128.8,-40.6350003953492
128.82,-40.63886749074631
128.84,-40.64266141613722
128.86,-40.64646260222272
128.88,-40.65018988880664
128.9,-40.653924023923366
128.92,-40.657502164603564
128.94,-40.66116800855385
128.96,-40.66467690966776
128.98,-40.66810981041416
129.0,-40.671548205277354
129.02,-40.67490999296412
129.04,-40.67827693712331
129.06,-40.6814843893975
129.08,-40.684614020165235
129.1,-40.68774798233548
129.12,-40.69080360332424
129.14,-40.693780524163856
129.16,-40.69667839929818
129.18,-40.69949689630379
129.2,-40.7023187385016
129.22,-40.704977624795845
129.24,-40.707639433892076
129.26,-40.71022083006315
129.28,-40.712721532486064
129.3,-40.7151412720989
129.32,-40.717479791349696
129.34,-40.71973684395121
129.36,-40.721995898909945
129.38,-40.72417316633749
129.4,-40.72626842302669
129.42,-40.72828145629558
129.44,-40.73021206376739
129.46,-40.73214408326367
129.48,-40.733909327794535
129.5,-40.735675737299836
129.52,-40.737443305953384
129.54,-40.73904352867443
129.56,-40.74064469114886
129.58,-40.742162444838506
129.6,-40.74368103435716
129.62,-40.74503159038941
129.64,-40.746382801283346
129.66,-40.74773466442093
129.68,-40.74891807764797
129.7,-40.75018657031492
129.72,-40.751286389154856
129.74,-40.752386632284576
129.76,-40.75340261669102
129.78,-40.75441896029983
129.8,-40.75543566199368
129.82,-40.75628318613522
129.84,-40.757215748233705
129.86,-40.75797897550367
129.88,-40.758742401989785
129.9,-40.75950602721777
129.92,-40.76018497165942
129.94,-40.76086407242279
129.96,-40.76154332917379
129.98,-40.762137806526646
130.0,-40.76264745322462
130.02,-40.763242151301945
130.04,-40.76366700822595
130.06,-40.764176916246406
130.08,-40.76460190592702
130.1,-40.7650269558204
130.12,-40.765367039033165
130.14,-40.76570716068757
130.16,-40.76604732074156
130.18,-40.76638751915309
130.2,-40.76664269310855
130.22,-40.766897888598685
130.24,-40.767153105605736
130.26,-40.76732326222217
130.28,-40.76757851505125
130.3,-40.76774869553257
130.32,-40.76783378934983
130.34,-40.76800398413427
130.36,-40.76808908510013
130.38,-40.76825929417583
130.4,-40.76834440228435
130.42,-40.76842951277244
130.44,-40.76842951277244
130.46,-40.76851462563944
130.48,-40.76851462563944
130.5,-40.76859974088469
130.52,-40.76859974088469
130.54,-40.76859974088469
130.56,-40.76859974088469
130.58,-40.76859974088469
130.6,-40.76859974088469
130.62,-40.76851462563944
130.64,-40.76851462563944
130.66,-40.76842951277244
130.68,-40.76842951277244
130.7,-40.76834440228435
130.72,-40.76825929417583
130.74,-40.76817418844753
130.76,-40.76817418844753
130.78,-40.76808908510013
130.8,-40.76800398413427
130.82,-40.767918885550614
130.84,-40.76783378934983
130.86,-40.76774869553257
130.88,-40.76757851505125
130.9,-40.76749342838851
130.92,-40.76740834411193
130.94,-40.76732326222217
130.96,-40.76723818271989
130.98,-40.76706803088038
131.0,-40.76698295854448
131.02,-40.766897888598685
131.04,-40.766812821043665
131.06,-40.76664269310855
131.08,-40.76655763272978
131.1,-40.766472574744405
131.12,-40.76638751915309
131.14,-40.76621741515526
131.16,-40.76613236675007
131.18,-40.76604732074156
131.2,-40.7659622771304
131.22,-40.76579219710275
131.24,-40.76570716068757
131.26,-40.76562212667236
131.28,-40.76553709505779
131.3,-40.76545206584451
131.32,-40.76528201462443
131.34,-40.765196992618954
131.36,-40.7651119730174
131.38,-40.7650269558204
131.4,-40.764941941028646
131.42,-40.76485692864277
131.44,-40.76477191866344
131.46,-40.7646869110913
131.48,-40.76460190592702
131.5,-40.764516903171256
131.52,-40.764431902824654
131.54,-40.76434690488787
131.56,-40.76426190936157
131.58,-40.764176916246406
131.6,-40.76409192554303
131.62,-40.7640069372521
131.64,-40.76392195137427
131.66,-40.7638369679102
131.68,-40.7638369679102
131.7,-40.76375198686054
131.72,-40.76366700822595
131.74,-40.763582032007086
131.76,-40.763582032007086
131.78,-40.76349705820459
131.8,-40.76341208681914
131.82,-40.76332711785137
131.84,-40.76332711785137
131.86,-40.763242151301945
131.88,-40.763242151301945
131.9,-40.76315718717152
131.92,-40.76307222546075
131.94,-40.76307222546075
131.96,-40.76298726617029
131.98,-40.76298726617029
132.0,-1.6147846418988752
132.02,-1.5535662377415302
132.04,-1.383429168457683
132.06,-1.1198923160844108
132.08,-0.7761599297843624
132.1,-0.36135260474276626
132.12,0.11685646728050701
132.14,0.6522867441713939
132.16,1.2408802639404843
132.18,1.8783109894180423
132.2,2.5614217220239164
132.22,3.285349320817665
132.24,4.045399730077286
132.26,4.834885372361076
132.28,5.646031614753433
132.3,6.469397091919459
132.32,7.294125642871626
132.34,8.108717631035091
132.36,8.900929054918777
132.38,9.65923340998744
132.4,10.37306897628836
132.42,11.033841811858078
132.44,11.636264293479577
132.46,12.177894944995638
132.48,12.66007210180433
132.5,13.085910562408339
132.52,13.461549600539133
132.54,13.793758081842828
132.56,14.090010388139918
132.58,14.357907694008771
132.6,14.604138756220054
132.62,14.834563152979829
132.64,15.053868136858723
132.66,15.265606316239523
132.68,15.4720021972755
132.7,15.674175338173317
132.72,15.872480413685109
132.74,16.066404646430662
132.76,16.25489233857719
132.78,16.436512162967517
132.8,16.609623740723716
132.82,16.772488466240336
132.84,16.92336647999748
132.86,17.060599949861327
132.88,17.18268007270618
132.9,17.288276389572935
132.92,17.376262384116686
132.94,17.445794753509407
132.96,17.49628295676677
132.98,17.527457947102455
133.0,17.539385575250485
133.02,17.532471936026624
133.04,17.507487833613734
133.06,17.46553442195238
133.08,17.408154836141232
133.1,17.33697050384776
133.12,17.254079502456324
133.14,17.161624280828413
133.16,17.061687265064972
133.18,16.95668522416598
133.2,16.848735963022136
133.22,16.739638673893115
133.24,16.631253666839683
133.26,16.525208840553294
133.28,16.42256094420564
133.3,16.324401570552766
133.32,16.23141428495502
133.34,16.144050703936415
133.36,16.062561563969286
133.38,15.987170374617204
133.4,15.917810403584175
133.42,15.85443860729471
133.44,15.796536661831924
133.46,15.744173426471455
133.48,15.696747676527925
133.5,15.654010427838156
133.52,15.615686368340796
133.54,15.581386839145733
133.56,15.550736881333044
133.58,15.52338033190085
133.6,15.499066660328547
133.62,15.477472510663366
133.64,15.458375651805001
133.66,15.441421319793957
133.68,15.42649908963559
133.7,15.413301701599789
133.72,15.401682170021818
133.74,15.391444999476583
133.76,15.38247193709014
133.78,15.374654282187393
133.8,15.367789559006942
133.82,15.36180008991901
133.84,15.356567422305977
133.86,15.352079543736744
133.88,15.348189806245392
133.9,15.344856147370901
133.92,15.342041534255088
133.94,15.339672078283368
133.96,15.337722988414518
133.98,15.33613303784411
134.0,15.33488692881464
134.02,15.33393295659318
134.04,15.333262903116108
134.06,15.332870952142672
134.08,15.3327536842783
134.1,15.33283184657772
134.12,15.333145146887066
134.14,15.33361705104832
134.16,15.334329304507682
134.18,15.335247088367543
134.2,15.336335490796571
134.22,15.337558774167661
134.24,15.339004507202821
134.26,15.340596820184778
134.28,15.342341323035578
134.3,15.344244076609876
134.32,15.346311594062874
134.34,15.34850565521413
134.36,15.3508771444107
134.38,15.353339948426699
134.4,15.355992339644615
134.42,15.358745096716621
134.44,15.361601081741144
134.46,15.364613907980102
134.48,15.367737835378795
134.5,15.370975928638725
134.52,15.374331301528299
134.54,15.377807116188242
134.56,15.381350676535906
134.58,15.384962011858375
134.6,15.388699170144832
134.62,15.392506280472196
134.64,15.396383354826941
134.66,15.400330398733152
134.68,15.404347411161226
134.7,15.408434384436966
134.72,15.412591304151075
134.74,15.416752591206945
134.76,15.420915041789184
134.78,15.42514312292483
134.8,15.429436796550258
134.82,15.433726312564682
134.84,15.43800855200608
134.86,15.44228044442292
134.88,15.446611640792232
134.9,15.45092842181583
134.92,15.455153218276736
134.94,15.459431363175138
134.96,15.463686342307021
134.98,15.467915335901141
135.0,15.472193807962956
135.02,15.476363445227681
135.04,15.480418990353648
135.06,15.48451689261602
135.08,15.488575499666965
135.1,15.492592309401248
135.12,15.496481731269359
135.14,15.500406895370386
135.16,15.504198468011758
135.18,15.508022694210366
135.2,15.511707410801577
135.22,15.515335119510311
135.24,15.518903747620227
135.26,15.522323276068875
135.28,15.525767116872549
135.3,15.529145998012428
135.32,15.532368259417488
135.34,15.535611127080967
135.36,15.53869272330656
135.38,15.541701200594503
135.4,15.544634962234317
135.42,15.547584893483497
135.44,15.550365114533095
135.46,15.553066125162804
135.48,15.555686535806473
135.5,15.558225008030952
135.52,15.560680254269924
135.54,15.56305103755453
135.56,15.56543158013883
135.58,15.567630285996186
135.6,15.569837227900159
135.62,15.57185944470197
135.64,15.573888508504252
135.66,15.575827307490115
135.68,15.577674903884937
135.7,15.57943040860018
135.72,15.58119091827312
135.74,15.582760012582103
135.76,15.584333052395676
135.78,15.585910033411343
135.8,15.587293121409298
135.82,15.588679220644336
135.84,15.589969006502537
135.86,15.59126138387023
135.88,15.59245664568479
135.9,15.593554238744368
135.92,15.594653682500942
135.94,15.595654781563736
135.96,15.596557076486286
135.98,15.597561076226546
136.0,15.598365374108207
136.02,15.599170647445195
136.04,15.599976895659058
136.06,15.600683162093512
136.08,15.601289126739061
136.1,15.601895638893062
136.12,15.602502698308328
136.14,15.603110304736992
136.16,15.60361706110571
136.18,15.604022739486236
136.2,15.604428660707118
136.22,15.604834824694246
136.24,15.605241231373371
136.26,15.605546195604603
136.28,15.605851296276823
136.3,15.606156533358558
136.32,15.606360100513886
136.34,15.606563728272313
136.36,15.606767416624484
136.38,15.606971165561033
136.4,15.60707306274552
136.42,15.607174975072589
136.44,15.607276902541063
136.46,15.60737884514977
136.48,15.60737884514977
136.5,15.607480802897534
136.52,15.607480802897534
136.54,15.607480802897534
136.56,15.607480802897534
136.58,15.607480802897534
136.6,15.607480802897534
136.62,15.60737884514977
136.64,15.607276902541063
136.66,15.607276902541063
136.68,15.607174975072589
136.7,15.60707306274552
136.72,15.606971165561033
136.74,15.606869283520297
136.76,15.606767416624484
136.78,15.606665564874767
136.8,15.606563728272313
136.82,15.606360100513886
136.84,15.60625830936025
136.86,15.606156533358558
136.88,15.605953026815676
136.9,15.605851296276823
136.92,15.605647880670121
136.94,15.605546195604603
136.96,15.605342870955065
136.98,15.605139606955282
137.0,15.605037997701952
137.02,15.604834824694246
137.04,15.604733260942186
137.06,15.604530178947462
137.08,15.604327157639664
137.1,15.60422566974626
137.12,15.604022739486236
137.14,15.603819869936302
137.16,15.60371845793051
137.18,15.603515679463058
137.2,15.603414313003704
137.22,15.603211625639519
137.24,15.603008999022379
137.26,15.602907708496833
137.28,15.602705173017542
137.3,15.6026039280661
137.32,15.602401483745373
137.34,15.602300284378385
137.36,15.602097931236903
137.38,15.601996777464704
137.4,15.601794515523123
137.42,15.601693407356034
137.44,15.601592314392938
137.46,15.601390174083306
137.48,15.601289126739061
137.5,15.601188094603383
137.52,15.600986075962307
137.54,15.600885089459192
137.56,15.600784118169214
137.58,15.600683162093512
137.6,15.600582221233228
137.62,15.60038038516347
137.64,15.600279489956272
137.66,15.600178609969046
137.68,15.600077745202931
137.7,15.599976895659058
137.72,15.59987606133857
137.74,15.5997752422426
137.76,15.599674438372283
137.78,15.599573649728754
137.8,15.599472876313149
137.82,15.599472876313149
137.84,15.599372118126597
137.86,15.599271375170234
137.88,15.599170647445195
137.9,15.59906993495261
137.92,15.59906993495261
137.94,15.598969237693609
137.96,15.598868555669325
137.98,15.598868555669325
138.0,-7.7638024178579075
138.02,-7.776238019189959
138.04,-7.810607937928872
138.06,-7.863397792889152
138.08,-7.931397489062642
138.1,-8.012162491595063
138.12,-8.103661202406375
138.14,-8.204414658509625
138.16,-8.313221618395
138.18,-8.429523079264303
138.2,-8.552701304159106
138.22,-8.682420810138758
138.24,-8.81872816064221
138.26,-8.961446915644244
138.28,-9.11024271031788
138.3,-9.265031808460193
138.32,-9.425350854610878
138.34,-9.590629890141912
138.36,-9.759850140260177
138.38,-9.932223157356347
138.4,-10.106545315490532
138.42,-10.28138836364767
138.44,-10.45514371284455
138.46,-10.626080562445592
138.48,-10.792937393182273
138.5,-10.953633588301509
138.52,-11.106893383013983
138.54,-11.251189256709543
138.56,-11.385250014999693
138.58,-11.507983877015139
138.6,-11.618459252999882
138.62,-11.715998850382034
138.64,-11.800113316348781
138.66,-11.870532934539469
138.68,-11.927168722187725
138.7,-11.970122981840479
138.72,-11.999664760531974
138.74,-12.016213204299918
138.76,-12.020318562184931
138.78,-12.01264335931978
138.8,-11.993945307337917
138.82,-11.96504974855036
138.84,-11.926842712933592
138.86,-11.880245524635964
138.88,-11.826201163648909
138.9,-11.765637218835094
138.92,-11.699501299369846
138.94,-11.628686576952603
138.96,-11.55407681259469
138.98,-11.476485954736306
139.0,-11.396674400683086
139.02,-11.315379730507638
139.04,-11.23323023087562
139.06,-11.15084555987305
139.08,-11.0687293648351
139.1,-10.987321394669436
139.12,-10.907164569585143
139.14,-10.828255208528471
139.16,-10.751361624478037
139.18,-10.676372063476535
139.2,-10.60354562151712
139.22,-10.533104368320503
139.24,-10.465236035269582
139.26,-10.399654298820662
139.28,-10.336926724522593
139.3,-10.276934723500188
139.32,-10.21931351862899
139.34,-10.164569725988482
139.36,-10.112304639348785
139.38,-10.062551755585426
139.4,-10.015555037787173
139.42,-9.970884123119347
139.44,-9.928545811485332
139.46,-9.888760042280277
139.48,-9.851082394995046
139.5,-9.81572396201215
139.52,-9.782238165362962
139.54,-9.75104718728805
139.56,-9.721703154714854
139.58,-9.694192447855785
139.6,-9.668500412397469
139.62,-9.644611729580928
139.64,-9.622298632553633
139.66,-9.601759040409656
139.68,-9.582556064271492
139.7,-9.564888619996886
139.72,-9.54853455005759
139.74,-9.53348338962653
139.76,-9.519725100228829
139.78,-9.507042516074813
139.8,-9.49563534054802
139.82,-9.485288490167902
139.84,-9.475995536068682
139.86,-9.467750575441304
139.88,-9.460342655279764
139.9,-9.45376789690401
139.92,-9.448227861826332
139.94,-9.443309120717018
139.96,-9.439214314282282
139.98,-9.435736704413696
140.0,-9.433079207360084
140.02,-9.43103607402078
140.04,-9.429606448532274
140.06,-9.428789729958185
140.08,-9.428381428072484
140.1,-9.428585574230183
140.12,-9.429198070116904
140.14,-9.430423320067478
140.16,-9.431853212922542
140.18,-9.43389672751684
140.2,-9.436145692704777
140.22,-9.438805041561816
140.24,-9.441875508912695
140.26,-9.445153014183688
140.28,-9.448638000993087
140.3,-9.452536189649372
140.32,-9.45664318394025
140.34,-9.460753892850038
140.36,-9.465279942973245
140.38,-9.47001648231265
140.4,-9.47475786169517
140.42,-9.479916994392404
140.44,-9.484875081911198
140.46,-9.490252189631589
140.48,-9.49563534054802
140.5,-9.50102449662433
140.52,-9.506419619651256
140.54,-9.512028521873644
140.56,-9.517643774296467
140.58,-9.523473659987243
140.6,-9.52910171359887
140.62,-9.534944780597327
140.64,-9.540585453693295
140.66,-9.546441512688812
140.68,-9.552094621875625
140.7,-9.557963481808335
140.72,-9.563628842008066
140.74,-9.569300148101552
140.76,-9.57497735488347
140.78,-9.580660416950577
140.8,-9.586138486680008
140.82,-9.591621902824976
140.84,-9.59711062432382
140.86,-9.602604609945832
140.88,-9.607892214206267
140.9,-9.613184610218497
140.92,-9.618269784038407
140.94,-9.623571464147075
140.96,-9.628453145462354
140.98,-9.633551266815157
141.0,-9.638228278508736
141.02,-9.643121671512024
141.04,-9.64780590657089
141.06,-9.652280479739106
141.08,-9.656971515816503
141.1,-9.661239080831955
141.12,-9.665509470071742
141.14,-9.669782663819872
141.16,-9.673844777547103
141.18,-9.67790938749653
141.2,-9.681762357766562
141.22,-9.685617538578821
141.24,-9.68926055928949
141.26,-9.69290552644605
141.28,-9.69655242771275
141.3,-9.699771878087567
141.32,-9.70320759800474
141.34,-9.70643011346217
141.36,-9.709439120997112
141.38,-9.71266447073061
141.4,-9.715460949798569
141.42,-9.718258514948422
141.44,-9.721057160570727
141.46,-9.723641479900136
141.48,-9.726226710653304
141.5,-9.72881284839556
141.52,-9.731184267630441
141.54,-9.733556441829007
141.56,-9.735713616073777
141.58,-9.737871408837268
141.6,-9.739813949021062
141.62,-9.741756986223557
141.64,-9.743700518555235
141.66,-9.745644544124316
141.68,-9.7473729793971
141.7,-9.74888567767719
141.72,-9.750614837275489
141.74,-9.752128167289008
141.76,-9.753641790705794
141.78,-9.754939415052037
141.8,-9.756237253737327
141.82,-9.757535306196704
141.84,-9.758833571864765
141.86,-9.75991562238101
141.88,-9.760997820238208
141.9,-9.762080165108447
141.92,-9.76294614663354
141.94,-9.764028755300249
141.96,-9.764894947436902
141.98,-9.765761232905277
142.0,-9.76641100815421
142.02,-9.767277456547873
142.04,-9.767927353797273
142.06,-9.76857730321405
142.08,-9.769227304727048
142.1,-9.769660667976238
142.12,-9.770310756158059
142.14,-9.77074417712052
142.16,-9.771177621131347
142.18,-9.771611088169418
142.2,-9.772044578213617
142.22,-9.772261331856406
142.24,-9.772694856370167
142.26,-9.772911627235853
142.28,-9.773345186171621
142.3,-9.773561974236417
142.32,-9.773778768028961
142.34,-9.773995567546612
142.36,-9.773995567546612
142.38,-9.774212372786725
142.4,-9.774429183746651
142.42,-9.774429183746651
142.44,-9.77464600042375
142.46,-9.77464600042375
142.48,-9.77464600042375
142.5,-9.77464600042375
142.52,-9.77464600042375
142.54,-9.77464600042375
142.56,-9.77464600042375
142.58,-9.77464600042375
142.6,-9.77464600042375
142.62,-9.77464600042375
142.64,-9.77464600042375
142.66,-9.774429183746651
142.68,-9.774429183746651
142.7,-9.774429183746651
142.72,-9.774212372786725
142.74,-9.774212372786725
142.76,-9.773995567546612
142.78,-9.773995567546612
142.8,-9.773778768028961
142.82,-9.773778768028961
142.84,-9.773561974236417
142.86,-9.773561974236417
142.88,-9.773345186171621
142.9,-9.77312840383722
142.92,-9.77312840383722
142.94,-9.772911627235853
142.96,-9.772694856370167
142.98,-9.772694856370167
143.0,-9.772478091242805
143.02,-9.772261331856406
143.04,-9.772261331856406
143.06,-9.772044578213617
143.08,-9.771827830317072
143.1,-9.771827830317072
143.12,-9.771611088169418
143.14,-9.771394351773298
143.16,-9.771394351773298
143.18,-9.771177621131347
143.2,-9.770960896246207
143.22,-9.770960896246207
143.24,-9.77074417712052
143.26,-9.770527463756926
143.28,-9.770527463756926
143.3,-9.770310756158059
143.32,-9.770094054326565
143.34,-9.770094054326565
143.36,-9.769877358265077
143.38,-9.769660667976238
143.4,-9.769660667976238
143.42,-9.769443983462683
143.44,-9.769443983462683
143.46,-9.769227304727048
143.48,-9.769227304727048
143.5,-9.769010631771973
143.52,-9.768793964600095
143.54,-9.768793964600095
143.56,-9.76857730321405
143.58,-9.76857730321405
143.6,-9.768360647616474
143.62,-9.768360647616474
143.64,-9.768143997810004
143.66,-9.768143997810004
143.68,-9.768143997810004
143.7,-9.767927353797273
143.72,-9.767927353797273
143.74,-9.767710715580918
143.76,-9.767710715580918
143.78,-9.767494083163575
143.8,-9.767494083163575
143.82,-9.767494083163575
143.84,-9.767277456547873
143.86,-9.767277456547873
143.88,-9.767277456547873
143.9,-9.767060835736455
143.92,-9.767060835736455
143.94,-9.767060835736455
143.96,-9.767060835736455
143.98,-9.766844220731949
144.0,17.77354936748584
144.02,17.788316058671484
144.04,17.829437172035394
144.06,17.893216302110783
144.08,17.976572951875163
144.1,18.076928726432975
144.12,18.19213547836594
144.14,18.320298755441513
144.16,18.459758319862882
144.18,18.608803228403925
144.2,18.766005876668768
144.22,18.929683278016196
144.24,19.098440499783347
144.26,19.270839978622224
144.28,19.44548808636553
144.3,19.621077976438514
144.32,19.796340529192438
144.34,19.97008563211886
144.36,20.141189385836096
144.38,20.30860658874453
144.4,20.471392397953355
144.42,20.62862503267931
144.44,20.779512830510605
144.46,20.923300245027328
144.48,21.05929684215207
144.5,21.1868886609232
144.52,21.30550325567938
144.54,21.414615706510386
144.56,21.51386343328282
144.58,21.60286766424161
144.6,21.681188150261775
144.62,21.748621982650427
144.64,21.805016762954097
144.66,21.850279293473765
144.68,21.884354435005346
144.7,21.90731145679761
144.72,21.91937948583044
144.74,21.920808724647475
144.76,21.91199877237687
144.78,21.893435331990297
144.8,21.865748764076358
144.82,21.829611111756957
144.84,21.785800068088612
144.86,21.735242905903668
144.88,21.678714222280014
144.9,21.617135259228288
144.92,21.551652522880254
144.94,21.48292901805123
144.96,21.41209586477168
144.98,21.339811764717332
145.0,21.267014609466745
145.02,21.19433560978221
145.04,21.122448617314188
145.06,21.051814015691438
145.08,20.983074772650426
145.1,20.91639005150492
145.12,20.85224487974106
145.14,20.79078176880084
145.16,20.73221227488965
145.18,20.67668743423615
145.2,20.62404547898264
145.22,20.574476325327055
145.24,20.527872519276155
145.26,20.48422508532181
145.28,20.44349744595255
145.3,20.40539888595313
145.32,20.370095503362627
145.34,20.33716686119555
145.36,20.306751632027563
145.38,20.278541839541653
145.4,20.252449528885325
145.42,20.228383254295817
145.44,20.2062497887746
145.46,20.18577037749316
145.48,20.166957831514523
145.5,20.1496406593933
145.52,20.133829338764194
145.54,20.11927855883217
145.56,20.105925054151317
145.58,20.09370794714169
145.6,20.08249213890381
145.62,20.072227824408166
145.64,20.062941158261612
145.66,20.05443905284591
145.68,20.046684432531034
145.7,20.039642491157913
145.72,20.033280769976923
145.74,20.02750261285964
145.76,20.02221811216592
145.78,20.017536796033944
145.8,20.013307877666644
145.82,20.00951517164633
145.84,20.006143931593684
145.86,20.003180861725653
145.88,20.000553308658695
145.9,19.998252428935537
145.92,19.99627039950906
145.94,19.99454097846889
145.96,19.993118482227768
145.98,19.991997960171858
146.0,19.991058216158766
146.02,19.990355720630756
146.04,19.989830149918287
146.06,19.9895386480578
146.08,19.989422143692366
146.1,19.989480388990753
146.12,19.98971350786958
146.14,19.99012199597519
146.16,19.9906481861984
146.18,19.991292821825567
146.2,19.992115675913816
146.22,19.993000298602087
146.24,19.99406593255331
146.26,19.995195604107675
146.28,19.996449965274532
146.3,19.997770562126803
146.32,19.999218801678705
146.34,20.00073580214254
146.36,20.00232259121828
146.38,20.00404182348101
146.4,20.00577181853607
146.42,20.007574940550878
146.44,20.00938959780733
146.46,20.011342153683945
146.48,20.013307877666644
146.5,20.015286762608575
146.52,20.017343279308147
146.54,20.019413803382992
146.56,20.021563692852983
146.58,20.023728459523312
146.6,20.02590809305939
146.62,20.028102582767474
146.64,20.030311917592712
146.66,20.032536086117172
146.68,20.034775076557903
146.7,20.037028876765003
146.72,20.039228511558925
146.74,20.041511445553713
146.76,20.043739306714233
146.78,20.04598104528244
146.8,20.048236648506723
146.82,20.050434973303908
146.84,20.05264628527875
146.86,20.05487057193615
146.88,20.057035448988884
146.9,20.059212453306273
146.92,20.06132840705474
146.94,20.063455670537852
146.96,20.065594232333062
146.98,20.067669760320765
147.0,20.069681117034726
147.02,20.07170223758729
147.04,20.07365772063583
147.06,20.075622239401106
147.08,20.077519712301743
147.1,20.079425522420365
147.12,20.081262935954243
147.14,20.083108017705698
147.16,20.084883409540343
147.18,20.086588187350436
147.2,20.088299389743923
147.22,20.09001701054422
147.24,20.09158404842707
147.26,20.09315638084869
147.28,20.094734002994375
147.3,20.09623763920442
147.32,20.09774604077322
147.34,20.09917944466515
147.36,20.100537135317985
147.38,20.101898631092926
147.4,20.103183512021413
147.42,20.104471758140384
147.44,20.105682542778087
147.46,20.106896280535338
147.48,20.108031764838532
147.5,20.109169817854667
147.52,20.110310437736807
147.54,20.111290153527314
147.56,20.11235363753111
147.58,20.113337275553345
147.6,20.114240596029187
147.62,20.11514549600126
147.64,20.115969502193256
147.66,20.116877414976983
147.68,20.117621425557857
147.7,20.118366491146222
147.72,20.11911261122159
147.74,20.119859785261113
147.76,20.120524824347797
147.78,20.1211906954109
147.8,20.121774014779437
147.82,20.122357970595118
147.84,20.122942562606994
147.86,20.123444147643696
147.88,20.123946199745774
147.9,20.12444871875367
147.92,20.12486784114232
147.94,20.12537121572827
147.96,20.125707057935077
147.98,20.126127152152797
148.0,20.126463460635975
148.02,20.126799976275173
148.04,20.127136699022294
148.06,20.12747362882917
148.08,20.127726462038247
148.1,20.12797941167089
148.12,20.128232477706653
148.14,20.128485660125094
148.16,20.128654513050975
148.18,20.128907889394988
148.2,20.129076871585582
148.22,20.129245905471407
148.24,20.12941499104636
148.26,20.129499553215354
148.28,20.12966871631256
148.3,20.129753317239242
148.32,20.12983793108362
148.34,20.12992255784494
148.36,20.130007197522428
148.38,20.13009185011532
148.4,20.13017651562285
148.42,20.13017651562285
148.44,20.13026119404425
148.46,20.13026119404425
148.48,20.130345885378762
148.5,20.130345885378762
148.52,20.130345885378762
148.54,20.130345885378762
148.56,20.130345885378762
148.58,20.130345885378762
148.6,20.130345885378762
148.62,20.13026119404425
148.64,20.13026119404425
148.66,20.13026119404425
148.68,20.13017651562285
148.7,20.13017651562285
148.72,20.13017651562285
148.74,20.13009185011532
148.76,20.130007197522428
148.78,20.130007197522428
148.8,20.12992255784494
148.82,20.12992255784494
148.84,20.12983793108362
148.86,20.129753317239242
148.88,20.12966871631256
148.9,20.12966871631256
148.92,20.12958412830434
148.94,20.129499553215354
148.96,20.12941499104636
148.98,20.12941499104636
149.0,20.12933044179812
149.02,20.129245905471407
149.04,20.12916138206697
149.06,20.129076871585582
149.08,20.128992374028
149.1,20.128992374028
149.12,20.128907889394988
149.14,20.128823417687304
149.16,20.128738958905714
149.18,20.128654513050975
149.2,20.128570080123847
149.22,20.128570080123847
149.24,20.128485660125094
149.26,20.12840125305547
149.28,20.128316858915735
149.3,20.128316858915735
149.32,20.128232477706653
149.34,20.12814810942898
149.36,20.12806375408347
149.38,20.12806375408347
149.4,20.12797941167089
149.42,20.127895082191984
149.44,20.12781076564752
149.46,20.12781076564752
149.48,20.127726462038247
149.5,20.127642171364933
149.52,20.127642171364933
149.54,20.127557893628317
149.56,20.12747362882917
149.58,20.12747362882917
149.6,20.12738937696824
149.62,20.12738937696824
149.64,20.127305138046278
149.66,20.127305138046278
149.68,20.127220912064047
149.7,20.127220912064047
149.72,20.127136699022294
149.74,20.127136699022294
149.76,20.12705249892178
149.78,20.12705249892178
149.8,20.126968311763253
149.82,20.126968311763253
149.84,20.126884137547464
149.86,20.126884137547464
149.88,20.126799976275173
149.9,20.126799976275173
149.92,20.126799976275173
149.94,20.126715827947123
149.96,20.126715827947123
149.98,20.126715827947123
150.0,39.447355655330796
150.02,39.46083658511204
150.04,39.49799849143481
150.06,39.554974450564664
150.08,39.628161717399266
150.1,39.71441186178387
150.12,39.81120238308613
150.14,39.91632588753346
150.16,40.02774145891532
150.18,40.14373347528883
150.2,40.262611748708096
150.22,40.383307377809416
150.24,40.50448039026182
150.26,40.625254781254895
150.28,40.74464038064799
150.3,40.86195523233536
150.32,40.976541842507366
150.34,41.087649579602
150.36,41.19482279074912
150.38,41.29763403204711
150.4,41.39579937669389
150.42,41.488841585295
150.44,41.57664662027295
150.46,41.65891474663041
150.48,41.73548536928411
150.5,41.80622932253033
150.52,41.87112902363683
150.54,41.9300370721916
150.56,41.982999930740995
150.58,42.030080612208515
150.6,42.0713082091241
150.62,42.10680226568099
150.64,42.13666441836179
150.66,42.16110681861201
150.68,42.18026214998726
150.7,42.194391248775766
150.72,42.203747698005905
150.74,42.2085603471894
150.76,42.20914017137392
150.78,42.20578697507644
150.8,42.19879860767631
150.82,42.188512372200435
150.84,42.175238923691644
150.86,42.15930025117954
150.88,42.14101762081628
150.9,42.120750580217596
150.92,42.098729430653584
150.94,42.075240665383056
150.96,42.05061542358944
150.98,42.02506926530375
151.0,41.99891252271063
151.02,41.97225629839491
151.04,41.9453072457366
151.06,41.918327172824
151.08,41.891425405940566
151.1,41.86476078696796
151.12,41.83839996761656
151.14,41.812544598311035
151.16,41.78722936433482
151.18,41.76247044266934
151.2,41.73843145333699
151.22,41.71510406086729
151.24,41.692633230109706
151.26,41.67082209387747
151.28,41.649881028770466
151.3,41.62984798319622
151.32,41.610499317481434
151.34,41.59211425633221
151.36,41.574543002160134
151.38,41.557715857980334
151.4,41.54173054559812
151.42,41.52659654889069
151.44,41.5122352724636
151.46,41.49856614393515
151.48,41.48567781452042
151.5,41.47348673855381
151.52,41.462078758762374
151.54,41.45128341517005
151.56,41.441100152075286
151.58,41.43161246562597
151.6,41.422733805536474
151.62,41.414377875034994
151.64,41.40662707645036
151.66,41.39939497748819
151.68,41.39276337222081
151.7,41.386562234033484
151.72,41.38078982910041
151.74,41.3755278679753
151.76,41.37069091490209
151.78,41.36627730642488
151.8,41.362285448435195
151.82,41.35863082657534
151.84,41.355312317354695
151.86,41.35241169868918
151.88,41.34976225415841
151.9,41.347446013385806
151.92,41.345462183638396
151.94,41.343810073570936
151.96,41.34232402168309
151.98,41.34108626228937
152.0,41.34017893061832
152.02,41.339436794981744
152.04,41.338942151573285
152.06,41.338612439944235
152.08,41.338530018375884
152.1,41.338612439944235
152.12,41.33885971986453
152.14,41.33918946189253
152.16,41.33976660781063
152.18,41.340426354536476
152.2,41.341251264332186
152.22,41.34224148689315
152.24,41.34331463347311
152.26,41.34447079908662
152.28,41.345710085166445
152.3,41.34711527728867
152.32,41.34852117460405
152.34,41.35001053523732
152.36,41.35166629479993
152.38,41.35332300955097
152.4,41.3549806718594
152.42,41.35672222871464
152.44,41.35854781859302
152.46,41.36045758425622
152.48,41.362285448435195
152.5,41.364197569217815
152.52,41.36619409021916
152.54,41.36810862236163
152.56,41.37010763360591
152.58,41.37210789635356
152.6,41.37410939694246
152.62,41.37619559488562
152.64,41.37819958010209
152.66,41.38020476129553
152.68,41.38221112460136
152.7,41.38421865610523
152.72,41.3862273418432
152.74,41.38823716780186
152.76,41.39024811991852
152.78,41.39217632605661
152.8,41.39418944264282
152.82,41.39611969699994
152.84,41.3979669474785
152.86,41.39989911380556
152.88,41.40174817004525
152.9,41.40359809223999
152.92,41.405448869270714
152.94,41.40721630726157
152.96,41.40898450425162
152.98,41.410669198103896
153.0,41.41235456308965
153.02,41.41404059073434
153.04,41.41564292304545
153.06,41.41724583843328
153.08,41.41884932957505
153.1,41.42036895089063
153.12,41.42188907610369
153.14,41.423325206947666
153.16,41.42476177636606
153.18,41.426114237583654
153.2,41.42746707816121
153.22,41.42882029365567
153.24,41.43008926972337
153.26,41.43135856771933
153.28,41.43254353305115
153.3,41.433728772610856
153.32,41.43491428339367
153.34,41.43601535505928
153.36,41.437116655576304
153.38,41.43813344170051
153.4,41.439150418857515
153.42,41.44016758513987
153.44,41.441100152075286
153.46,41.44203287484998
153.48,41.4428809386361
153.5,41.44372912888581
153.52,41.44457744448786
153.54,41.4454258843297
153.56,41.446189585491766
153.58,41.44686851403759
153.6,41.44763240136355
153.62,41.44831149409733
153.64,41.44890576290659
153.66,41.4495849983647
153.68,41.45017939117573
153.7,41.450773841249976
153.72,41.45128341517005
153.74,41.45187797056861
153.76,41.452302687403794
153.78,41.452812385231695
153.8,41.45332212387616
153.82,41.45374693708368
153.84,41.45417177832619
153.86,41.45451167141066
153.88,41.45493656276085
153.9,41.45527649574863
153.92,41.455616446353766
153.94,41.45595641450394
153.96,41.45621140208697
153.98,41.45655140076682
154.0,41.45680641116397
154.02,41.45706143128767
154.04,41.45731646110735
154.06,41.45748648635869
154.08,41.45774153227036
154.1,41.45791156822137
154.12,41.45808160843637
154.14,41.45825165290631
154.16,41.45842170162209
154.18,41.45859175457466
154.2,41.4586767826369
154.22,41.45884684192761
154.24,41.458931873153816
154.26,41.45901690543241
154.28,41.459101938762245
154.3,41.459186973142195
154.32,41.459272008571126
154.34,41.459357045047895
154.36,41.45944208257138
154.38,41.45944208257138
154.4,41.45952712114043
154.42,41.45952712114043
154.44,41.45961216075391
154.46,41.45961216075391
154.48,41.45961216075391
154.5,41.45961216075391
154.52,41.45961216075391
154.54,41.45961216075391
154.56,41.45961216075391
154.58,41.45961216075391
154.6,41.45961216075391
154.62,41.45961216075391
154.64,41.45961216075391
154.66,41.45952712114043
154.68,41.45952712114043
154.7,41.45952712114043
154.72,41.45944208257138
154.74,41.45944208257138
154.76,41.45944208257138
154.78,41.459357045047895
154.8,41.459357045047895
154.82,41.459272008571126
154.84,41.459272008571126
154.86,41.459186973142195
154.88,41.459186973142195
154.9,41.459101938762245
154.92,41.459101938762245
154.94,41.45901690543241
154.96,41.458931873153816
154.98,41.458931873153816
155.0,41.45884684192761
155.02,41.45884684192761
155.04,41.458761811754925
155.06,41.4586767826369
155.08,41.4586767826369
155.1,41.45859175457466
155.12,41.45859175457466
155.14,41.45850672756935
155.16,41.45842170162209
155.18,41.45842170162209
155.2,41.458336676734035
155.22,41.458336676734035
155.24,41.45825165290631
155.26,41.45816663014004
155.28,41.45816663014004
155.3,41.45808160843637
155.32,41.45808160843637
155.34,41.45799658779644
155.36,41.45799658779644
155.38,41.45791156822137
155.4,41.45791156822137
155.42,41.4578265497123
155.44,41.4578265497123
155.46,41.45774153227036
155.48,41.45774153227036
155.5,41.457656515896694
155.52,41.457656515896694
155.54,41.45757150059242
155.56,41.45757150059242
155.58,41.45748648635869
155.6,41.45748648635869
155.62,41.45740147319662
155.64,41.45740147319662
155.66,41.45740147319662
155.68,41.45731646110735
155.7,41.45731646110735
155.72,41.45723145009201
155.74,41.45723145009201
155.76,41.45723145009201
155.78,41.45714644015174
155.8,41.45714644015174
155.82,41.45714644015174
155.84,41.45706143128767
155.86,41.45706143128767
155.88,41.45706143128767
155.9,41.45706143128767
155.92,41.45697642350093
155.94,41.45697642350093
155.96,41.45697642350093
155.98,41.45689141679265
156.0,27.82375671214929
156.02,27.816679341605035
156.04,27.79690817705502
156.06,27.766775197365327
156.08,27.727911971721518
156.1,27.68196051296799
156.12,27.630210697495464
156.14,27.573718847707084
156.16,27.513657583249326
156.18,27.450843934243785
156.2,27.385976001349505
156.22,27.319746552463112
156.24,27.25272678913929
156.26,27.185478432155378
156.28,27.118332901451897
156.3,27.051829959667852
156.32,26.98627831221166
156.34,26.921873503239574
156.36,26.85890659700585
156.38,26.79765333472888
156.4,26.738276128991956
156.42,26.680927073084202
156.44,26.625746546683533
156.46,26.572861848425152
156.48,26.52238587994358
156.5,26.474334736461806
156.52,26.428798331668208
156.54,26.385849319581673
156.56,26.345399184210592
156.58,26.307571775906645
156.6,26.27226437653057
156.62,26.239504796107507
156.64,26.20924372379382
156.66,26.181426377637475
156.68,26.156042993453728
156.7,26.132924219578637
156.72,26.112139988499354
156.74,26.09351526027085
156.76,26.076971434676324
156.78,26.062489935660395
156.8,26.04987822261489
156.82,26.039132361557225
156.84,26.030097272967744
156.86,26.02267955331946
156.88,26.016798142083083
156.9,26.012325074595047
156.92,26.00919521535845
156.94,26.00727919099102
156.96,26.0064902521197
156.98,26.006731483554486
157.0,26.0079122243155
157.02,26.00993826018952
157.04,26.01272739312186
157.06,26.016182572147127
157.08,26.020247639224873
157.1,26.02483202075373
157.12,26.029858554468525
157.14,26.035276577298806
157.16,26.040994524667394
157.18,26.046999847315227
157.2,26.05317721972365
157.22,26.059560228003903
157.24,26.066001400861822
157.26,26.07251459712921
157.28,26.079092606416975
157.3,26.085617946890455
157.32,26.092127249058986
157.34,26.098586236444515
157.36,26.10491828957542
157.38,26.111134022563757
157.4,26.117204560702287
157.42,26.123150508033994
157.44,26.128900805020226
157.46,26.134481330834458
157.48,26.139872600966928
157.5,26.14505635871632
157.52,26.150068184427944
157.54,26.15484116891131
157.56,26.15936043334762
157.58,26.1637219574047
157.6,26.167805930949747
157.62,26.171712692388823
157.64,26.17537805867583
157.66,26.178850642745935
157.68,26.182124028790767
157.7,26.185134165932503
157.72,26.187991387900418
157.74,26.190574123508917
157.76,26.192995229299843
157.78,26.195251586363053
157.8,26.19728050610035
157.82,26.19913866369669
157.84,26.20088404767205
157.86,26.202394185550588
157.88,26.203727304444094
157.9,26.204942631807704
157.92,26.20597820093019
157.94,26.206893873370444
157.96,26.207627715142646
157.98,26.208240133949964
158.0,26.20879199712598
158.02,26.209160266729096
158.04,26.20940594003843
158.06,26.209590279102333
158.08,26.209651741467354
158.1,26.209590279102333
158.12,26.209467378386893
158.14,26.20928308736491
158.16,26.208976095863164
158.18,26.20860797054386
158.2,26.208178855936264
158.22,26.207688920878763
158.24,26.207138358620103
158.26,26.206527386934543
158.28,26.205856248250715
158.3,26.205186085274516
158.32,26.20439533416994
158.34,26.203605949720636
158.36,26.202817934023606
158.38,26.2019708348662
158.4,26.201064995830105
158.42,26.20016098805166
158.44,26.199198735116724
158.46,26.19829852198088
158.48,26.197340323849605
158.5,26.19632453764157
158.52,26.195370671603417
158.54,26.19435949678354
158.56,26.193350704157364
158.58,26.19234429820583
158.6,26.191340283388943
158.62,26.19033866414577
158.64,26.189339444894454
158.66,26.188284068834637
158.68,26.187289804565676
158.7,26.186297953673026
158.72,26.185308520489937
158.74,26.18432150932879
158.76,26.183394773995833
158.78,26.18241247663876
158.8,26.181490185383474
158.82,26.180512617848837
158.84,26.179594785675533
158.86,26.178679120839586
158.88,26.177822656530797
158.9,26.176911200791256
158.92,26.176058688587204
158.94,26.175208093031884
158.96,26.17435941693864
158.98,26.173512663108223
159.0,26.17272409630123
159.02,26.171937208684653
159.04,26.17120803285182
159.06,26.170424390012304
159.08,26.16969823104405
159.1,26.168973527378515
159.12,26.168305863368673
159.14,26.16758396333172
159.16,26.166918890291008
159.18,26.166310334361977
159.2,26.165647650289845
159.22,26.165041286553684
159.24,26.164490957977648
159.26,26.16388659981408
159.28,26.163338096214755
159.3,26.162790462862617
159.32,26.162243700535374
159.34,26.161752359807927
159.36,26.16126172580206
159.38,26.160771799079594
159.4,26.160336902881323
159.42,26.159848313665783
159.44,26.15946878990489
159.46,26.159035573908458
159.48,26.15860291875937
159.5,26.15822480587932
159.52,26.157847122954895
159.54,26.157523737139837
159.56,26.157146853390966
159.58,26.156824152965076
159.6,26.156501769129395
159.62,26.15623335788942
159.64,26.155911554888903
159.66,26.1556436279041
159.68,26.15537592118431
159.7,26.155108434822452
159.72,26.15484116891131
159.74,26.15462751496915
159.76,26.15441400222208
159.78,26.154200630717376
159.8,26.153987400502277
159.82,26.153774311623938
159.84,26.15361458774577
159.86,26.15340174632006
159.88,26.153242208085363
159.9,26.15308274944517
159.92,26.15297648791398
159.94,26.15281716197524
159.96,26.15265791568371
159.98,26.152551795747552
160.0,26.152445711224765
160.02,26.152339662121182
160.04,26.152233648442635
160.06,26.152127670194957
160.08,26.152021727383975
160.1,26.151915820015503
160.12,26.15186287962403
160.14,26.151757025430232
160.16,26.151704111629368
160.18,26.15165120669349
160.2,26.151598310623324
160.22,26.1515454234196
160.24,26.15149254508304
160.26,26.151439675614373
160.28,26.151386815014316
160.3,26.151386815014316
160.32,26.151333963283605
160.34,26.15128112042295
160.36,26.15128112042295
160.38,26.15122828643309
160.4,26.15122828643309
160.42,26.15122828643309
160.44,26.15122828643309
160.46,26.15117546131474
160.48,26.15117546131474
160.5,26.15117546131474
160.52,26.15117546131474
160.54,26.15117546131474
160.56,26.15117546131474
160.58,26.15117546131474
160.6,26.15117546131474
160.62,26.15117546131474
160.64,26.15117546131474
160.66,26.15122828643309
160.68,26.15122828643309
160.7,26.15122828643309
160.72,26.15122828643309
160.74,26.15128112042295
160.76,26.15128112042295
160.78,26.15128112042295
160.8,26.15128112042295
160.82,26.151333963283605
160.84,26.151333963283605
160.86,26.151386815014316
160.88,26.151386815014316
160.9,26.151386815014316
160.92,26.151439675614373
160.94,26.151439675614373
160.96,26.15149254508304
160.98,26.15149254508304
161.0,26.15149254508304
161.02,26.1515454234196
161.04,26.1515454234196
161.06,26.151598310623324
161.08,26.151598310623324
161.1,26.15165120669349
161.12,26.15165120669349
161.14,26.15165120669349
161.16,26.151704111629368
161.18,26.151704111629368
161.2,26.151757025430232
161.22,26.151757025430232
161.24,26.151757025430232
161.26,26.151809948095362
161.28,26.151809948095362
161.3,26.15186287962403
161.32,26.15186287962403
161.34,26.15186287962403
161.36,26.151915820015503
161.38,26.151915820015503
161.4,26.15196876926906
161.42,26.15196876926906
161.44,26.15196876926906
161.46,26.152021727383975
161.48,26.152021727383975
161.5,26.152021727383975
161.52,26.152074694359516
161.54,26.152074694359516
161.56,26.152074694359516
161.58,26.152127670194957
161.6,26.152127670194957
161.62,26.152127670194957
161.64,26.152180654889577
161.66,26.152180654889577
161.68,26.152180654889577
161.7,26.152180654889577
161.72,26.152233648442635
161.74,26.152233648442635
161.76,26.152233648442635
161.78,26.152233648442635
161.8,26.152286650853412
161.82,26.152286650853412
161.84,26.152286650853412
161.86,26.152286650853412
161.88,26.152339662121182
161.9,26.152339662121182
161.92,26.152339662121182
161.94,26.152339662121182
161.96,26.152339662121182
161.98,26.152339662121182
162.0,-12.568365284351025
162.02,-12.621131776865283
162.04,-12.769681069088104
162.06,-13.003539316258522
162.08,-13.315041789391005
162.1,-13.697571677044898
162.12,-14.142493041962647
162.14,-14.640171914370756
162.16,-15.177907550582027
162.18,-15.741323043706373
162.2,-16.31548631532186
162.22,-16.8868207466152
162.24,-17.443310029680244
162.26,-17.976506423694854
162.28,-18.480890009017152
162.3,-18.953664534664895
162.32,-19.394056781655213
162.34,-19.803720585270483
162.36,-20.184314943690502
162.38,-20.53866609351995
162.4,-20.869624753098865
162.42,-21.179739121555887
162.44,-21.471740237055805
162.46,-21.747717552364456
162.48,-22.009644815603675
162.5,-22.259220805665368
162.52,-22.497712332836826
162.54,-22.7261649745233
162.56,-22.945367317188317
162.58,-23.155870618267375
162.6,-23.35804588223079
162.62,-23.552084540130945
162.64,-23.73803311984655
162.66,-23.9158490666323
162.68,-24.085351952229384
162.7,-24.24628263468208
162.72,-24.398480645419106
162.74,-24.541566954429797
162.76,-24.675146235493717
162.78,-24.799006247793866
162.8,-24.91285599918285
162.82,-25.016437629124002
162.84,-25.109608608769953
162.86,-25.192082194350323
162.88,-25.263967555036345
162.9,-25.325144661215347
162.92,-25.37576366823555
162.94,-25.416080141153596
162.96,-25.44630157437494
162.98,-25.466871514654507
163.0,-25.47826571303774
163.02,-25.481065659332323
163.04,-25.475929184590132
163.06,-25.463585068637336
163.08,-25.444829093030982
163.1,-25.420480544772662
163.12,-25.39136625011833
163.14,-25.35834756220117
163.16,-25.32228124192921
163.18,-25.283889570918298
163.2,-25.24387614570621
163.22,-25.203002396278468
163.24,-25.16178592926508
163.26,-25.12078750725509
163.28,-25.08042806349536
163.3,-25.041120293981407
163.32,-25.003066069119786
163.34,-24.966609594241813
163.36,-24.931824159193823
163.38,-24.898800337808368
163.4,-24.867722915740227
163.42,-24.83852735256894
163.44,-24.8112561701998
163.46,-24.785790809165956
163.48,-24.762257895601394
163.5,-24.740437444131175
163.52,-24.720296555897676
163.54,-24.701730350616366
163.56,-24.68474869933712
163.58,-24.66917705313006
163.6,-24.6549041473393
163.62,-24.641930612958124
163.64,-24.6300906601539
163.66,-24.61928075209101
163.68,-24.609554341363726
163.7,-24.60070920611788
163.72,-24.59270349729258
163.74,-24.585496856252398
163.76,-24.579050835481343
163.78,-24.57323863129704
163.8,-24.56803162830351
163.82,-24.563403111783664
163.84,-24.559328441708534
163.86,-24.55570045801828
163.88,-24.552544229314663
163.9,-24.54976051600886
163.92,-24.54737820322561
163.94,-24.545385516732296
163.96,-24.543692104687537
163.98,-24.542291259801924
164.0,-24.541177364596976
164.02,-24.540345906958606
164.04,-24.53979349233747
164.06,-24.539439168150142
164.08,-24.539281891707233
164.1,-24.539360514464992
164.12,-24.53963593764043
164.14,-24.5401089725223
164.16,-24.540741415028663
164.18,-24.54153474413392
164.2,-24.542450880097135
164.22,-24.54357166381076
164.24,-24.54477917653155
164.26,-24.5461560164027
164.28,-24.54766436684909
164.3,-24.549265527843808
164.32,-24.55100275919686
164.34,-24.55279517069675
164.36,-24.55472805588276
164.38,-24.556761911261226
164.4,-24.558855902843305
164.42,-24.561054343791877
164.44,-24.56331573623559
164.46,-24.565685214945933
164.48,-24.56807609779112
164.5,-24.57053314848202
164.52,-24.573057454976038
164.54,-24.575650112723157
164.56,-24.578266121270282
164.58,-24.58090534860872
164.6,-24.583614573469738
164.62,-24.586300236818524
164.64,-24.589056429920486
164.66,-24.591836093841014
164.68,-24.594639080255003
164.7,-24.59746523896912
164.72,-24.600265099976983
164.74,-24.603087048180512
164.76,-24.605880854758297
164.78,-24.608746151136728
164.8,-24.611531427949892
164.82,-24.61433671643519
164.84,-24.61716187763786
164.86,-24.619902976327808
164.88,-24.622662271293354
164.9,-24.625439634230677
164.92,-24.62812912833704
164.94,-24.630835115929283
164.96,-24.6335039429807
164.98,-24.636080721135162
165.0,-24.638725934310123
165.02,-24.641277085046756
165.04,-24.64378704721415
165.06,-24.646254888941744
165.08,-24.64867970745683
165.1,-24.65111613012334
165.12,-24.653452557046574
165.14,-24.655743414640877
165.16,-24.65804414409232
165.18,-24.660241743189268
165.2,-24.662448156328654
165.22,-24.664549514845902
165.24,-24.66660159658314
165.26,-24.668661045308756
165.28,-24.670612802688886
165.3,-24.672571050250898
165.32,-24.674420000012823
165.34,-24.676216587644458
165.36,-24.678018476149674
165.38,-24.679767257629326
165.4,-24.6814038823992
165.42,-24.68304475996217
165.44,-24.684631041124398
165.46,-24.686162269453835
165.48,-24.68763800894402
165.5,-24.689057843633368
165.52,-24.6904213772356
165.54,-24.6917282327818
165.56,-24.693037624971762
165.58,-24.694289855243863
165.6,-24.695484585683584
165.62,-24.696621496631277
165.64,-24.697700286373298
165.66,-24.698780739556337
165.68,-24.69980268928466
165.7,-24.700765869842005
165.72,-24.701730350616366
165.74,-24.70263572824984
165.76,-24.70348177164193
165.78,-24.70432880092023
165.8,-24.705116208258865
165.82,-24.70584379593559
165.84,-24.706572101794364
165.86,-24.707240344781557
165.88,-24.707848359466823
165.9,-24.70845686926287
165.92,-24.709065873067537
165.94,-24.70961439795699
165.96,-24.710102310160725
165.98,-24.710590536620817
166.0,-24.711079076770282
166.02,-24.711506806278205
166.04,-24.71193477513941
166.06,-24.712301795808788
166.08,-24.712668991809583
166.1,-24.7130363629015
166.12,-24.713342639054787
166.14,-24.713587747309163
166.16,-24.71389424167477
166.18,-24.714139524318366
166.2,-24.71438488435224
166.22,-24.714568955122022
166.24,-24.71475306935348
166.26,-24.71493722701644
166.28,-24.71512142808071
166.3,-24.71524425288715
166.32,-24.715367096960694
166.34,-24.715489960292388
166.36,-24.715612842873277
166.38,-24.71567429137937
166.4,-24.715735744694403
166.42,-24.715797202817257
166.44,-24.715858665746808
166.46,-24.71592013348194
166.48,-24.71592013348194
166.5,-24.715981606021533
166.52,-24.715981606021533
166.54,-24.715981606021533
166.56,-24.715981606021533
166.58,-24.715981606021533
166.6,-24.715981606021533
166.62,-24.71592013348194
166.64,-24.71592013348194
166.66,-24.715858665746808
166.68,-24.715797202817257
166.7,-24.715797202817257
166.72,-24.715735744694403
166.74,-24.71567429137937
166.76,-24.715612842873277
166.78,-24.71555139917724
166.8,-24.715489960292388
166.82,-24.71542852621983
166.84,-24.715305672516095
166.86,-24.71524425288715
166.88,-24.71518283807498
166.9,-24.715060022905448
166.92,-24.71499862255032
166.94,-24.71493722701644
166.96,-24.714814450416903
166.98,-24.71475306935348
167.0,-24.714691693115785
167.02,-24.714568955122022
167.04,-24.714507593368197
167.06,-24.71438488435224
167.08,-24.71432353709234
167.1,-24.714200857074285
167.12,-24.714139524318366
167.14,-24.714016873318318
167.16,-24.71395555507642
167.18,-24.71389424167477
167.2,-24.713771629396646
167.22,-24.71371033052241
167.24,-24.713587747309163
167.26,-24.713526462972382
167.28,-24.71346518348365
167.3,-24.713342639054787
167.32,-24.71328137411689
167.34,-24.713158858799726
167.36,-24.71309760842269
167.38,-24.7130363629015
167.4,-24.712975122237278
167.42,-24.712852655484177
167.44,-24.712791429397523
167.46,-24.712730208172285
167.48,-24.712668991809583
167.5,-24.712607780310517
167.52,-24.71248537190777
167.54,-24.712424175006312
167.56,-24.712362982972948
167.58,-24.712301795808788
167.6,-24.712240613514947
167.62,-24.712179436092534
167.64,-24.71211826354266
167.66,-24.71205709586644
167.68,-24.711995933064987
167.7,-24.71193477513941
167.72,-24.711873622090817
167.74,-24.711873622090817
167.76,-24.711812473920325
167.78,-24.711751330629042
167.8,-24.711690192218075
167.82,-24.71162905868854
167.84,-24.71162905868854
167.86,-24.711567930041547
167.88,-24.711506806278205
167.9,-24.711506806278205
167.92,-24.711445687399625
167.94,-24.711384573406917
167.96,-24.711384573406917
167.98,-24.711323464301188
168.0,-46.091167391342786
168.02,-46.10208685109838
168.04,-46.131850215727574
168.06,-46.17688193523496
168.08,-46.23382575049221
168.1,-46.29965458795954
168.12,-46.37173159894868
168.14,-46.447726467736345
168.16,-46.52563275011095
168.18,-46.60386288674438
168.2,-46.68074957784766
168.22,-46.75514066930073
168.24,-46.825990794786094
168.26,-46.89245058169143
168.28,-46.95384904448218
168.3,-47.00955464538469
168.32,-47.05922545741386
168.34,-47.102534234329
168.36,-47.13924619911995
168.38,-47.169253426704756
168.4,-47.192519101198364
168.42,-47.209079326557486
168.44,-47.219059350729424
168.46,-47.22259878970716
168.48,-47.219910171384974
168.5,-47.21124922089588
168.52,-47.19688371872862
168.54,-47.17717496252061
168.56,-47.152436588040175
168.58,-47.123001908334665
168.6,-47.08930182626993
168.62,-47.051711878139145
168.64,-47.01054691432128
168.66,-46.966287337116135
168.68,-46.91924356312383
168.7,-46.86984501989336
168.72,-46.81837341365416
168.74,-46.76532958038947
168.76,-46.71088728502479
168.78,-46.65544605032522
168.8,-46.59931138762181
168.82,-46.54277256163698
168.84,-46.48600159964968
168.86,-46.42934853766708
168.88,-46.37305148316708
168.9,-46.31722302866579
168.92,-46.26205966865633
168.94,-46.20774146163908
168.96,-46.15443219069186
168.98,-46.102279657724154
169.0,-46.05130101546769
169.02,-46.001610758555735
169.04,-45.953310003631096
169.06,-45.906487099479726
169.08,-45.861218313869685
169.1,-45.817332326641186
169.12,-45.77511893831457
169.14,-45.73438654763551
169.16,-45.69528986440992
169.18,-45.657739390732765
169.2,-45.6217575220335
169.22,-45.58724273874082
169.24,-45.55432501955179
169.26,-45.52277616551785
169.28,-45.49271828316431
169.3,-45.4641520588852
169.32,-45.43684229192195
169.34,-45.41101901395766
169.36,-45.386444288536424
169.38,-45.363112441239466
169.4,-45.34101653706639
169.42,-45.320034183225374
169.44,-45.30027193413409
169.46,-45.28160686256934
169.48,-45.264030481218455
169.5,-45.2474212391359
169.52,-45.23188379918169
169.54,-45.21718517263149
169.56,-45.203541971895056
169.58,-45.19061153304863
169.6,-45.17861027425539
169.62,-45.16742018663598
169.64,-45.156924774526225
169.66,-45.14722900976226
169.68,-45.13821742674617
169.7,-45.129885401014256
169.72,-45.12222854588383
169.74,-45.115133695824
169.76,-45.10859762727624
169.78,-45.10272595192305
169.8,-45.097298400739085
169.82,-45.09242121085412
169.84,-45.08798386349952
169.86,-45.08409264903396
169.88,-45.080529824960905
169.9,-45.07750992897964
169.92,-45.07481601252919
169.94,-45.07255489243247
169.96,-45.07051051353406
169.98,-45.069004980027394
170.0,-45.0677150985586
170.02,-45.06674803681739
170.04,-45.06599608497152
170.06,-45.06567387546462
170.08,-45.06545908765982
170.1,-45.06556647970858
170.12,-45.06588867809658
170.14,-45.066425749519524
170.16,-45.06717780503839
170.18,-45.068037519043834
170.2,-45.06922001197628
170.22,-45.07040295146063
170.24,-45.07190915560418
170.26,-45.073416080659584
170.28,-45.075139161722255
170.3,-45.07697096282959
170.32,-45.078911668120774
170.34,-45.08096147177144
170.36,-45.08301258806864
170.38,-45.085281134362226
170.4,-45.08755127529351
170.42,-45.08993122340751
170.44,-45.09242121085412
170.46,-45.094804711345354
170.48,-45.09740686477414
170.5,-45.10001106807219
170.52,-45.102617314113175
170.54,-45.1052255957456
170.56,-45.107944712624644
170.58,-45.11055712794558
170.6,-45.11328053508587
170.62,-45.116006119015424
170.64,-45.118733871506564
170.66,-45.121463784302264
170.68,-45.124195849116205
170.7,-45.12682064823767
170.72,-45.129556906858525
170.74,-45.132295292798986
170.76,-45.134926136885376
170.78,-45.13755892630808
170.8,-45.140193653583985
170.82,-45.1428303112054
170.84,-45.1453589124976
170.86,-45.14788927305661
170.88,-45.15042138621144
170.9,-45.15284504127201
170.92,-45.15538056404599
170.94,-45.157697120042094
170.96,-45.16012553195278
170.98,-45.16244502969921
171.0,-45.1647659562473
171.02,-45.16697768610697
171.04,-45.16919070274372
171.06,-45.17129425632763
171.08,-45.173398963299334
171.1,-45.175504819781835
171.12,-45.177500898542775
171.14,-45.179498002197434
171.16,-45.181385093724934
171.18,-45.18327309366852
171.2,-45.185161999219474
171.22,-45.18694061742612
171.24,-45.18860879619904
171.26,-45.19038895713986
171.28,-45.19205857807655
171.3,-45.19361751788569
171.32,-45.1951770613864
171.34,-45.19662574808352
171.36,-45.198186451354516
171.38,-45.199524673853254
171.4,-45.20097491036982
171.42,-45.20220243513175
171.44,-45.203541971895056
171.46,-45.2047702636942
171.48,-45.205998921133364
171.5,-45.20711619907599
171.52,-45.20823377796851
171.54,-45.20935165722319
171.56,-45.21035800487572
171.58,-45.211364594915565
171.6,-45.2123714269128
171.62,-45.21326659146496
171.64,-45.21416194655076
171.66,-45.21505749186736
171.68,-45.215841249829815
171.7,-45.21662515300242
171.72,-45.21740920118175
171.74,-45.218081357737546
171.76,-45.21875362055105
171.78,-45.21942598949387
171.8,-45.21998637792454
171.82,-45.22065894110405
171.84,-45.22121949121854
171.86,-45.22178011470651
171.88,-45.22222866627572
171.9,-45.222789421648116
171.92,-45.22323807862819
171.94,-45.22357460206943
171.96,-45.22402334090197
171.98,-45.22447212645477
172.0,-45.22480874625652
172.02,-45.22514539230073
172.04,-45.22548206457126
172.06,-45.225818763051926
172.08,-45.226043243258914
172.1,-45.22626773510289
172.12,-45.22660449467769
172.14,-45.226829015593125
172.16,-45.227053548128765
172.18,-45.22716581875266
172.2,-45.2273903687096
172.22,-45.227502648041444
172.24,-45.22772721540889
172.26,-45.2278395034433
172.28,-45.22795179437735
172.3,-45.228064088210445
172.32,-45.228176384942
172.34,-45.22828868457141
172.36,-45.22840098709806
172.38,-45.22840098709806
172.4,-45.22851329252137
172.42,-45.22851329252137
172.44,-45.22862560084072
172.46,-45.22862560084072
172.48,-45.22862560084072
172.5,-45.22862560084072
172.52,-45.22862560084072
172.54,-45.22862560084072
172.56,-45.22862560084072
172.58,-45.22862560084072
172.6,-45.22862560084072
172.62,-45.22862560084072
172.64,-45.22862560084072
172.66,-45.22851329252137
172.68,-45.22851329252137
172.7,-45.22851329252137
172.72,-45.22840098709806
172.74,-45.22840098709806
172.76,-45.22840098709806
172.78,-45.22828868457141
172.8,-45.22828868457141
172.82,-45.228176384942
172.84,-45.228176384942
172.86,-45.228064088210445
172.88,-45.228064088210445
172.9,-45.22795179437735
172.92,-45.2278395034433
172.94,-45.2278395034433
172.96,-45.22772721540889
172.98,-45.22772721540889
173.0,-45.22761493027474
173.02,-45.227502648041444
173.04,-45.227502648041444
173.06,-45.2273903687096
173.08,-45.2273903687096
173.1,-45.2272780922798
173.12,-45.22716581875266
173.14,-45.22716581875266
173.16,-45.227053548128765
173.18,-45.22694128040872
173.2,-45.22694128040872
173.22,-45.226829015593125
173.24,-45.226829015593125
173.26,-45.22671675368258
173.28,-45.22660449467769
173.3,-45.22660449467769
173.32,-45.226492238579034
173.34,-45.226492238579034
173.36,-45.22637998538723
173.38,-45.22637998538723
173.4,-45.22626773510289
173.42,-45.22615548772658
173.44,-45.22615548772658
173.46,-45.226043243258914
173.48,-45.226043243258914
173.5,-45.2259310017005
173.52,-45.2259310017005
173.54,-45.225818763051926
173.56,-45.225818763051926
173.58,-45.225818763051926
173.6,-45.2257065273138
173.62,-45.2257065273138
173.64,-45.225594294486704
173.66,-45.225594294486704
173.68,-45.22548206457126
173.7,-45.22548206457126
173.72,-45.22548206457126
173.74,-45.225369837568046
173.76,-45.225369837568046
173.78,-45.225369837568046
173.8,-45.22525761347767
173.82,-45.22525761347767
173.84,-45.22525761347767
173.86,-45.22514539230073
173.88,-45.22514539230073
173.9,-45.22514539230073
173.92,-45.22503317403783
173.94,-45.22503317403783
173.96,-45.22503317403783
173.98,-45.22503317403783
174.0,2.124011886079592
174.02,2.226837314104983
174.04,2.514272511617985
174.06,2.9636243874383905
174.08,3.558715584256031
174.1,4.286463448938692
174.12,5.134112112815604
174.14,6.088813943268708
174.16,7.132156050105352
174.18,8.239189736843008
174.2,9.378860324945604
174.22,10.513104595690764
174.24,11.602494905539046
174.26,12.612122218638262
174.28,13.51541377794942
174.3,14.299454078006962
174.32,14.963430058549172
174.34,15.516169171369306
174.36,15.973347623545822
174.38,16.35415633582508
174.4,16.67903989346967
174.42,16.967629324736556
174.44,17.23782481090561
174.46,17.504482449661573
174.48,17.77901160438189
174.5,18.068878861313724
174.52,18.37785146648882
174.54,18.70628855122087
174.56,19.052135766745018
174.58,19.41181956790918
174.6,19.780760841499774
174.62,20.15412711319008
174.64,20.527752649074273
174.66,20.897303330562195
174.68,21.25959457991293
174.7,21.611784250202867
174.72,21.951625464135702
174.74,22.277331025593117
174.76,22.5875252107484
174.78,22.881127071392868
174.8,23.157275353052984
174.82,23.415259266654914
174.84,23.654454398999828
174.86,23.87442504422609
174.88,24.074620097586674
174.9,24.25465937284536
174.92,24.41398691265358
174.94,24.552483129197732
174.96,24.66963785336271
174.98,24.76546286240612
175.0,24.839822526393842
175.02,24.892936046136047
175.04,24.92527960703509
175.06,24.93754822834674
175.08,24.930834537162827
175.1,24.906557441109012
175.12,24.866469348703255
175.14,24.81254171049355
175.16,24.747040380936866
175.18,24.672325807273882
175.2,24.590784044613887
175.22,24.504825776811572
175.24,24.41642289583758
175.26,24.327700364732973
175.28,24.24032424228534
175.3,24.155438846319523
175.32,24.07442789221711
175.34,23.997848862842485
175.36,23.926221238295074
175.38,23.859945837829635
175.4,23.79912879130056
175.42,23.74372780875017
175.44,23.693587441048507
175.46,23.648386542829314
175.48,23.608003589619578
175.5,23.572022555423278
175.52,23.54016794330558
175.54,23.51194681629023
175.56,23.48721120638855
175.58,23.465491767379053
175.6,23.446581038307272
175.62,23.430066176623864
175.64,23.415768632687957
175.66,23.403379517011526
175.68,23.39274426568819
175.7,23.383563448129355
175.72,23.3756836536554
175.74,23.368961923947726
175.76,23.363237363371034
175.78,23.35836845259334
175.8,23.354256207626264
175.82,23.350787500581408
175.84,23.347842647950486
175.86,23.345381949931525
175.88,23.343347799875154
175.9,23.341635310164378
175.92,23.340226157875577
175.94,23.339086785005307
175.96,23.338157325099733
175.98,23.3374175746492
176.0,23.336850841389335
176.02,23.33642956419239
176.04,23.33613056627558
176.06,23.335961996653605
176.08,23.335906176190687
176.1,23.335934063336254
176.12,23.33607419168029
176.14,23.336300798577692
176.16,23.33660270719987
176.18,23.337013178740687
176.2,23.33750858542488
176.22,23.33807902350018
176.24,23.338761878988787
176.26,23.33951609484767
176.28,23.34038097733548
176.3,23.34132964485801
176.32,23.342367774280007
176.34,23.343501366112044
176.36,23.344756727234845
176.38,23.346080561570908
176.4,23.347518245284498
176.42,23.34905460919405
176.44,23.350694611866565
176.46,23.35244335718376
176.48,23.354256207626264
176.5,23.35618483218414
176.52,23.358207891168092
176.54,23.360328136940044
176.56,23.36254835430682
176.58,23.364841858188367
176.6,23.36720867604074
176.62,23.3696801866519
176.64,23.372226914542424
176.66,23.37484886665673
176.68,23.377511863510936
176.7,23.380283314727176
176.72,23.383093918656694
176.74,23.385940868295297
176.76,23.388859253554852
176.78,23.391810255748887
176.8,23.394830795891046
176.82,23.397880249232063
176.84,23.400955890264378
176.86,23.40405502629796
176.88,23.407174998103677
176.9,23.41031318052374
176.92,23.413466983049197
176.94,23.416588207881233
176.96,23.419764818241187
176.98,23.422949503109233
177.0,23.426091816689873
177.02,23.42923583217415
177.04,23.432329736358792
177.06,23.435469464836135
177.08,23.438553111352583
177.1,23.441576386977204
177.12,23.44463964528058
177.14,23.44763696849758
177.16,23.450564370693908
177.18,23.453526327136622
177.2,23.456358441162884
177.22,23.459221325886773
177.24,23.462003062404754
177.26,23.464756659542658
177.28,23.46742338950287
177.3,23.470057534540075
177.32,23.472657491659895
177.34,23.47516317760451
177.36,23.477630632145967
177.38,23.480058404285614
177.4,23.482445081168674
177.42,23.48472896824572
177.44,23.48696821333497
177.46,23.489100432290797
177.48,23.491246251574903
177.5,23.493281887408244
177.52,23.495267343204606
177.54,23.497201538469024
177.56,23.499083429102896
177.58,23.50091200720741
177.6,23.50262278504533
177.62,23.504341562166232
177.64,23.50594014410307
177.66,23.507481215618743
177.68,23.50902857968187
177.7,23.510452516885916
177.72,23.5118817270208
177.74,23.513185578702107
177.76,23.514493776984835
177.78,23.515674867321078
177.8,23.51685947006257
177.82,23.51798148306318
177.84,23.519040350963557
177.86,23.52010198508658
177.88,23.521033181858467
177.9,23.521966492393506
177.92,23.52283502887304
177.94,23.52370538469489
177.96,23.52444325948103
177.98,23.52524969700157
178.0,23.525922909662267
178.02,23.526597195543385
178.04,23.527204969837886
178.06,23.527813612317964
178.08,23.52835535627059
178.1,23.52882994429907
178.12,23.529305056660867
178.14,23.529780693102037
178.16,23.530188798411583
178.18,23.530597288411215
178.2,23.530937990488482
178.22,23.531278959506302
178.24,23.531551926854846
178.26,23.531825064937404
178.28,23.53209837370588
178.3,23.5323034672659
178.32,23.53250865678931
178.34,23.53264550310785
178.36,23.532850852524955
178.38,23.532987805420408
178.4,23.533056297851076
178.42,23.533193314674516
178.44,23.533261839065773
178.46,23.53333037410904
178.48,23.53333037410904
178.5,23.533398919803563
178.52,23.533398919803563
178.54,23.533398919803563
178.56,23.533398919803563
178.58,23.533398919803563
178.6,23.533398919803563
178.62,23.53333037410904
178.64,23.533261839065773
178.66,23.533261839065773
178.68,23.533193314674516
178.7,23.533056297851076
178.72,23.532987805420408
178.74,23.532919323644784
178.76,23.532850852524955
178.78,23.532713942255736
178.8,23.53264550310785
178.82,23.53250865678931
178.84,23.53237185311211
178.86,23.5323034672659
178.88,23.532166727562032
178.9,23.53203003051459
178.92,23.5318933761296
178.94,23.53175676441308
178.96,23.531688474557377
178.98,23.531551926854846
179.0,23.53141542183582
179.02,23.531278959506302
179.04,23.531142539872295
179.06,23.531006162939796
179.08,23.530869828714792
179.1,23.53073353720327
179.12,23.530597288411215
179.14,23.5304610823446
179.16,23.530324919009402
179.18,23.530188798411583
179.2,23.530052720557112
179.22,23.529916685451944
179.24,23.529780693102037
179.26,23.529644743513334
179.28,23.529508836691786
179.3,23.52937297264333
179.32,23.529237151373902
179.34,23.529101372889432
179.36,23.52903349969341
179.38,23.52889778539749
179.4,23.528762113901333
179.42,23.52862648521086
179.44,23.5285586869196
179.46,23.52842312244873
179.48,23.528287600798304
179.5,23.528219856032603
179.52,23.52808439862391
179.54,23.528016685982386
179.56,23.52788129282868
179.58,23.527813612317964
179.6,23.527678283432483
179.62,23.527610635059183
179.64,23.52754299739983
179.66,23.52740775422589
179.68,23.527340148712767
179.7,23.52727255391652
179.72,23.527204969837886
179.74,23.527069833836375
179.76,23.52700228191496
179.78,23.526934740714086
179.8,23.526867210234485
179.82,23.52679969047688
179.84,23.52673218144201
179.86,23.5266646831306
179.88,23.526597195543385
179.9,23.52652971868109
179.92,23.526462252544448
179.94,23.52639479713419
179.96,23.526327352451037
179.98,23.526327352451037
180.0,-9.816612090914756
180.02,-9.84202005681237
180.04,-9.913828071265467
180.06,-10.02703394985636
180.08,-10.178582224189155
180.1,-10.36762306244302
180.12,-10.593880612763975
180.14,-10.858963053083109
180.16,-11.163437627280208
180.18,-11.508429209832066
180.2,-11.89339565261937
180.22,-12.316508796144172
180.24,-12.773363999114004
180.26,-13.257491601793133
180.28,-13.760826859837506
180.3,-14.27418823041248
180.32,-14.788491258352677
180.34,-15.294145228502153
180.36,-15.784149462432383
180.38,-16.25241993794854
180.4,-16.695317983296984
180.42,-17.109923674669197
180.44,-17.49560674742416
180.46,-17.851984561599387
180.48,-18.180230995271014
180.5,-18.481099587628353
180.52,-18.75623520361488
180.54,-19.007253805933807
180.56,-19.235642961624723
180.58,-19.442894324187776
180.6,-19.63032489352452
180.62,-19.799134769417247
180.64,-19.95037561980896
180.66,-20.084957069054802
180.68,-20.203671955673375
180.7,-20.30717510798265
180.72,-20.396062622425283
180.74,-20.47082689548908
180.76,-20.531916819397395
180.78,-20.579750685021942
180.8,-20.614710137208426
180.82,-20.637216176364273
180.84,-20.647655234870214
180.86,-20.64647277739377
180.88,-20.63415795088484
180.9,-20.61125117138061
180.92,-20.57836202936333
180.94,-20.536128191048938
180.96,-20.485285241695454
180.98,-20.42657387432835
181.0,-20.360929351994162
181.02,-20.28920209481701
181.04,-20.21235054468252
181.06,-20.131139084711165
181.08,-20.046514958070784
181.1,-19.959550992113012
181.12,-19.870924896978625
181.14,-19.781504350583162
181.16,-19.69196384456588
181.18,-19.60319952166742
181.2,-19.5154428586836
181.22,-19.42959632680489
181.24,-19.345877845890087
181.26,-19.264575428875446
181.28,-19.186065826350557
181.3,-19.110825337964105
181.32,-19.038618786813302
181.34,-18.96964311241329
181.36,-18.904211106987862
181.38,-18.8421050783412
181.4,-18.78323710982887
181.42,-18.727811897533986
181.44,-18.675686290224455
181.46,-18.626700124889748
181.48,-18.580681127222263
181.5,-18.537756134516183
181.52,-18.497578171941086
181.54,-18.460105110177597
181.56,-18.42528815566018
181.58,-18.392926745858354
181.6,-18.362968918318177
181.62,-18.335216963393457
181.64,-18.3094784275746
181.66,-18.285848069021238
181.68,-18.263997210742833
181.7,-18.244023244573096
181.72,-18.225609229555563
181.74,-18.208856426746227
181.76,-18.193594086960022
181.78,-18.179657729643107
181.8,-18.16715371126139
181.82,-18.15579157622401
181.84,-18.145682188299094
181.86,-18.136544546663615
181.88,-18.12862301923409
181.9,-18.12164282743144
181.92,-18.115463843957357
181.94,-18.110333218020042
181.96,-18.105985488902054
181.98,-18.102286828414908
182.0,-18.099486921510913
182.02,-18.09719993142568
182.04,-18.095677196388987
182.06,-18.094789646416437
182.08,-18.094409428614487
182.1,-18.094662896428883
182.12,-18.095296753542314
182.14,-18.09656527118443
182.16,-18.098215943988706
182.18,-18.100250020550657
182.2,-18.102669033575083
182.22,-18.105602454309476
182.24,-18.108797326847313
182.26,-18.112255223598037
182.28,-18.116106358360803
182.3,-18.12022467440098
182.32,-18.124612149491355
182.34,-18.12927087136759
182.36,-18.134073049454642
182.38,-18.13915015277286
182.4,-18.144373726648467
182.42,-18.14987614619335
182.44,-18.15539657336665
182.46,-18.16119909165765
182.48,-18.167021164989805
182.5,-18.17299567249306
182.52,-18.17899040489616
182.54,-18.185273036069866
182.56,-18.19144310455207
182.58,-18.197768740944053
182.6,-18.204115908075348
182.62,-18.210484468165664
182.64,-18.216874282360994
182.66,-18.223421841834266
182.68,-18.229854188088296
182.7,-18.236307362423855
182.72,-18.24264326561687
182.74,-18.249137230055627
182.76,-18.255512778164753
182.78,-18.261907728843322
182.8,-18.26818230062181
182.82,-18.27447517812986
182.84,-18.280786230259142
182.86,-18.286833650626406
182.88,-18.293038641385095
182.9,-18.29897745042887
182.92,-18.304931642764693
182.94,-18.31090110834498
182.96,-18.316600411989345
182.98,-18.322313372315975
183.0,-18.327896565105455
183.02,-18.33349255817889
183.04,-18.338957289994745
183.06,-18.3442897269207
183.08,-18.349488872800332
183.1,-18.354553768203132
183.12,-18.35962862314269
183.14,-18.364422548176677
183.16,-18.36922521082946
183.18,-18.37389062905249
183.2,-18.378564158008064
183.22,-18.38295291118579
183.24,-18.3873487038919
183.26,-18.391604620900644
183.28,-18.395719948585956
183.3,-18.399694004238427
183.32,-18.403673627813813
183.34,-18.40736340113944
183.36,-18.411057895082628
183.38,-18.41460902667136
183.4,-18.418164462489973
183.42,-18.421427373688264
183.44,-18.424693864911468
183.46,-18.42781520269067
183.48,-18.430939770990456
183.5,-18.43376953216568
183.52,-18.436601913765458
183.54,-18.43943690432165
183.56,-18.441975676889435
183.58,-18.444516520617665
183.6,-18.44705942724087
183.62,-18.44930487490252
183.64,-18.451551916477747
183.66,-18.453800546257654
183.68,-18.455900695254545
183.7,-18.457852063877667
183.72,-18.45980461337431
183.74,-18.461608011634475
183.76,-18.46326200530003
183.78,-18.46491683701929
183.8,-18.46657250451798
183.82,-18.468078380136646
183.84,-18.469584942887586
183.86,-18.470941435444452
183.88,-18.47214767167868
183.9,-18.473505209509824
183.92,-18.474561453664222
183.94,-18.475768997654093
183.96,-18.47682595481885
183.98,-18.477732182218478
184.0,-18.47863865302379
184.02,-18.47954536686196
184.04,-18.480452323359906
184.06,-18.48120830553732
184.08,-18.481964455753065
184.1,-18.482569496767926
184.12,-18.48317464507812
184.14,-18.483779900572806
184.16,-18.48438526314111
184.18,-18.484839355267667
184.2,-18.485293507513923
184.22,-18.485747719833046
184.24,-18.48620199217819
184.26,-18.48650487373294
184.28,-18.486807781931205
184.3,-18.487110716759098
184.32,-18.487413678202724
184.34,-18.487565168901096
184.36,-18.487868170242265
184.38,-18.48801968088159
184.4,-18.48817119816442
184.42,-18.488322722089023
184.44,-18.488322722089023
184.46,-18.48847425265366
184.48,-18.48847425265366
184.5,-18.488625789856588
184.52,-18.488625789856588
184.54,-18.488625789856588
184.56,-18.488625789856588
184.58,-18.488625789856588
184.6,-18.48847425265366
184.62,-18.48847425265366
184.64,-18.48847425265366
184.66,-18.488322722089023
184.68,-18.488322722089023
184.7,-18.48817119816442
184.72,-18.48801968088159
184.74,-18.487868170242265
184.76,-18.487868170242265
184.78,-18.487716666248186
184.8,-18.487565168901096
184.82,-18.487413678202724
184.84,-18.487262194154813
184.86,-18.487110716759098
184.88,-18.486959246017314
184.9,-18.486807781931205
184.92,-18.4866563245025
184.94,-18.48650487373294
184.96,-18.48635342962426
184.98,-18.486050561396475
185.0,-18.48589913728085
185.02,-18.485747719833046
185.04,-18.4855963090548
185.06,-18.485444904947848
185.08,-18.485293507513923
185.1,-18.4849907326721
185.12,-18.484839355267667
185.14,-18.484687984543203
185.16,-18.48453662050044
185.18,-18.48438526314111
185.2,-18.484082568479685
185.22,-18.483931231181064
185.24,-18.483779900572806
185.26,-18.48362857665665
185.28,-18.48347725943433
185.3,-18.483325948907574
185.32,-18.48317464507812
185.34,-18.483023347947693
185.36,-18.482720773790863
185.38,-18.482569496767926
185.4,-18.482418226450946
185.42,-18.482266962841653
185.44,-18.482115705941784
185.46,-18.481964455753065
185.48,-18.481813212277228
185.5,-18.48166197551601
185.52,-18.48166197551601
185.54,-18.481510745471127
185.56,-18.48135952214432
185.58,-18.48120830553732
185.6,-18.48105709565185
185.62,-18.480905892489645
185.64,-18.480754696052433
185.66,-18.480754696052433
185.68,-18.480603506341943
185.7,-18.480452323359906
185.72,-18.480301147108044
185.74,-18.480301147108044
185.76,-18.4801499775881
185.78,-18.479998814801785
185.8,-18.479998814801785
185.82,-18.47984765875084
185.84,-18.479696509436987
185.86,-18.479696509436987
185.88,-18.47954536686196
185.9,-18.47954536686196
185.92,-18.479394231027477
185.94,-18.479394231027477
185.96,-18.47924310193528
185.98,-18.47924310193528
186.0,10.591804408516817
186.02,10.622131101506215
186.04,10.70520499453153
186.06,10.831123101431157
186.08,10.989776160137648
186.1,11.173343619626584
186.12,11.373458887757293
186.14,11.584347796539678
186.16,11.800218201104567
186.18,12.016476511454036
186.2,12.229886701838275
186.22,12.437771775916795
186.24,12.638366072353769
186.26,12.830267868067608
186.28,13.013289953678353
186.3,13.187261966522014
186.32,13.352296135819934
186.34,13.509062416761328
186.36,13.658278740278151
186.38,13.80054073190211
186.4,13.9366036264958
186.42,14.067093418327454
186.44,14.192379730490538
186.46,14.31281469406065
186.48,14.428594443005807
186.5,14.539707325695773
186.52,14.646006505416176
186.54,14.747219074400432
186.56,14.842969199629612
186.58,14.932787407018164
186.6,15.016162286729122
186.62,15.092520684395042
186.64,15.161319005381094
186.66,15.222014006829994
186.68,15.27410106522436
186.7,15.317132574596
186.72,15.350747789202254
186.74,15.374667330493537
186.76,15.388712269229838
186.78,15.392827886751379
186.8,15.387074535663784
186.82,15.371643936927395
186.84,15.34683797577882
186.86,15.313154911830766
186.88,15.27111352463614
186.9,15.221388146085598
186.92,15.164758718742439
186.94,15.101997706937693
186.96,15.034114788533344
186.98,14.962090088081343
187.0,14.886673904585322
187.02,14.808811401155074
187.04,14.72956711617844
187.06,14.649700543265325
187.08,14.569888978438684
187.1,14.490875293164972
187.12,14.41332546587939
187.14,14.337665332765889
187.16,14.264543802011024
187.18,14.194055881346985
187.2,14.126528824843222
187.22,14.062216356671865
187.24,14.001150242658003
187.26,13.943459514852488
187.28,13.889219577843791
187.3,13.838167374629915
187.32,13.79059432951059
187.34,13.746176568938766
187.36,13.704724885009218
187.38,13.666307475619748
187.4,13.63070368590625
187.42,13.597819399985918
187.44,13.567428753123822
187.46,13.539431837320345
187.48,13.51360878964578
187.5,13.489862881480178
187.52,13.468096460080968
187.54,13.448105808372892
187.56,13.429803964808348
187.58,13.413105937513558
187.6,13.39783094166237
187.62,13.38381122114585
187.64,13.371078971041873
187.66,13.359477036443211
187.68,13.348949827174954
187.7,13.339357123669698
187.72,13.330655244349527
187.74,13.322803323195687
187.76,13.315763434817447
187.78,13.309418970574958
187.8,13.303661350479999
187.82,13.298547610875582
187.84,13.29405417011039
187.86,13.290005101198462
187.88,13.286463230383005
187.9,13.283413905634175
187.92,13.280693849147983
187.94,13.27844476350634
187.96,13.276508529094825
187.98,13.2749534473884
188.0,13.273700334338423
188.02,13.272818889498405
188.04,13.272159493000293
188.06,13.27172069889726
188.08,13.271574577070222
188.1,13.271647629053646
188.12,13.271940015585205
188.14,13.272452379554759
188.16,13.273185845783637
188.18,13.274068361632118
188.2,13.275175120290013
188.22,13.276360087195634
188.24,13.27777316482081
188.26,13.279342473794902
188.28,13.280994938391274
188.3,13.282807455366099
188.32,13.284706392523743
188.34,13.286769727166167
188.36,13.288923162971855
188.38,13.291168180535973
188.4,13.293506310822199
188.42,13.295939134803017
188.44,13.298388972951859
188.46,13.3010155419656
188.48,13.303661350479999
188.5,13.306326376501275
188.52,13.309173893860846
188.54,13.31196070270812
188.56,13.314850705074187
188.58,13.317762214548376
188.6,13.3206952009358
188.62,13.323649633222198
188.64,13.326625479570675
188.66,13.32962270731853
188.68,13.332727841337359
188.7,13.335768339023875
188.72,13.338830114118844
188.74,13.341824749972025
188.76,13.34492836565622
188.78,13.347963576309072
188.8,13.351018727252024
188.82,13.35400305586498
188.84,13.357006101430342
188.86,13.360027829614737
188.88,13.362975799172808
188.9,13.365941270775368
188.92,13.368924211287762
188.94,13.3717365533424
188.96,13.37465870868048
188.98,13.377502121588828
189.0,13.380265237664196
189.02,13.38304256472149
189.04,13.385737580715865
189.06,13.388348845370379
189.08,13.390972359096201
189.1,13.393608098957568
189.12,13.396059479836357
189.14,13.398619993957695
189.16,13.400993552632752
189.18,13.403376700783795
189.2,13.405769421266609
189.22,13.407971142597356
189.24,13.41018087927672
189.26,13.412398617665318
189.28,13.41452300151122
189.3,13.416552979787577
189.32,13.418589538134526
189.34,13.420530353659265
189.36,13.422477088883666
189.38,13.424326816500304
189.4,13.426078645072325
189.42,13.427835191397834
189.44,13.42959644867156
189.46,13.431154405944968
189.48,13.432820258425187
189.5,13.434281288567322
189.52,13.435745496560047
189.54,13.437212878475627
189.56,13.438578285900775
189.58,13.439946423437606
189.6,13.441211740036154
189.62,13.44247937763083
189.64,13.443643415520285
189.66,13.444809399590486
189.68,13.445871072281792
189.7,13.446934350264955
189.72,13.447892671738032
189.74,13.448958995649333
189.76,13.449813207525565
189.78,13.450668443227059
189.8,13.451524701976822
189.82,13.45238198299542
189.84,13.453132941851976
189.86,13.453884682259153
189.88,13.454529652830805
189.9,13.455175196883324
189.92,13.455821314083352
189.94,13.456468004096749
189.96,13.457007349765417
189.98,13.457547092794353
190.0,13.45797917318614
190.02,13.458519630972912
190.04,13.458952282918112
190.06,13.459385188724404
190.08,13.45971003461513
190.1,13.460143384436876
190.12,13.460468563223763
190.14,13.460793884609659
190.16,13.461010844734258
190.18,13.461336403690616
190.2,13.461553522156084
190.22,13.461770703935786
190.24,13.461987949017075
190.26,13.462205257387295
190.28,13.462313935301795
190.3,13.462531338581654
190.32,13.46264006394384
190.34,13.462748805118753
190.36,13.462857562104801
190.38,13.4629663349004
190.4,13.46307512350396
190.42,13.463183927913894
190.44,13.463183927913894
190.46,13.463183927913894
190.48,13.463292748128612
190.5,13.463292748128612
190.52,13.463292748128612
190.54,13.463292748128612
190.56,13.463292748128612
190.58,13.463292748128612
190.6,13.463292748128612
190.62,13.463292748128612
190.64,13.463183927913894
190.66,13.463183927913894
190.68,13.46307512350396
190.7,13.46307512350396
190.72,13.46307512350396
190.74,13.4629663349004
190.76,13.462857562104801
190.78,13.462857562104801
190.8,13.462748805118753
190.82,13.46264006394384
190.84,13.46264006394384
190.86,13.462531338581654
190.88,13.462422629033776
190.9,13.462313935301795
190.92,13.462205257387295
190.94,13.462205257387295
190.96,13.462096595291861
190.98,13.461987949017075
191.0,13.461879318564522
191.02,13.461770703935786
191.04,13.461662105132444
191.06,13.461553522156084
191.08,13.461553522156084
191.1,13.461444955008279
191.12,13.461336403690616
191.14,13.461227868204672
191.16,13.461119348552026
191.18,13.461010844734258
191.2,13.460902356752943
191.22,13.460793884609659
191.24,13.460793884609659
191.26,13.460685428305984
191.28,13.460576987843494
191.3,13.460468563223763
191.32,13.460360154448368
191.34,13.46025176151888
191.36,13.46025176151888
191.38,13.460143384436876
191.4,13.460035023203925
191.42,13.459926677821603
191.44,13.459926677821603
191.46,13.459818348291481
191.48,13.45971003461513
191.5,13.45960173679412
191.52,13.45960173679412
191.54,13.459493454830023
191.56,13.459385188724404
191.58,13.459385188724404
191.6,13.459276938478837
191.62,13.459168704094889
191.64,13.459168704094889
191.66,13.459060485574124
191.68,13.459060485574124
191.7,13.458952282918112
191.72,13.458952282918112
191.74,13.45884409612842
191.76,13.45884409612842
191.78,13.458735925206613
191.8,13.458735925206613
191.82,13.458627770154255
191.84,13.458627770154255
191.86,13.458519630972912
191.88,13.458519630972912
191.9,13.458411507664149
191.92,13.458411507664149
191.94,13.458411507664149
191.96,13.458303400229527
191.98,13.458303400229527
192.0,26.480946240350235
192.02,26.48399759163098
192.04,26.492316249788885
192.06,26.50474013610144
192.08,26.52027743346937
192.1,26.5379165709785
192.12,26.556824403072866
192.14,26.57619711086377
192.16,26.595373327498628
192.18,26.61374150055833
192.2,26.630825784877487
192.22,26.64622654060553
192.24,26.65950999969815
192.26,26.67046497628698
192.28,26.678806174757916
192.3,26.68439465727043
192.32,26.687084539508884
192.34,26.686812843467084
192.36,26.68354370357896
192.38,26.677298222449114
192.4,26.66809376795309
192.42,26.65604375626881
192.44,26.64127908089714
192.46,26.623890147925678
192.48,26.604043315975943
192.5,26.581985252214952
192.52,26.557852728706045
192.54,26.531884584226397
192.56,26.504280544977494
192.58,26.475308243218848
192.6,26.44511094246228
192.62,26.413960780670635
192.64,26.38213869672884
192.66,26.349771478221843
192.68,26.317128295120376
192.7,26.284309707415687
192.72,26.251481450988937
192.74,26.218970833385097
192.76,26.18675050949511
192.78,26.155036162480084
192.8,26.123854344618604
192.82,26.093395346900248
192.84,26.063747631730163
192.86,26.034986265343612
192.88,26.006994451526456
192.9,25.98009260826653
192.92,25.954053542087
192.94,25.92908675682483
192.96,25.905126116299233
192.98,25.882186772661367
193.0,25.860276791206164
193.02,25.839397912685072
193.04,25.819463470429227
193.06,25.8004683480046
193.08,25.7825642308305
193.1,25.765493634420615
193.12,25.749322680170938
193.14,25.734033444438985
193.16,25.71960602415408
193.18,25.70601894584499
193.2,25.693104047606795
193.22,25.680988284436335
193.24,25.66957717835443
193.26,25.658849817290406
193.28,25.64878505929171
193.3,25.639294993989623
193.32,25.63042753274252
193.34,25.622097272083572
193.36,25.614286885677107
193.38,25.60691686320301
193.4,25.600096519564833
193.42,25.593685618049328
193.44,25.587671218839805
193.46,25.582099594738473
193.48,25.576898117210874
193.5,25.571997939212995
193.52,25.567446703210077
193.54,25.56323372182626
193.56,25.559348859315996
193.58,25.555673454430462
193.6,25.55230995319911
193.62,25.549196336365796
193.64,25.546273253151462
193.66,25.543588500144427
193.68,25.541136323530086
193.7,25.538859859062928
193.72,25.536806494516323
193.74,25.53492085956677
193.76,25.53314932074405
193.78,25.531590144815464
193.8,25.530139997217866
193.82,25.528846809851423
193.84,25.527708318052234
193.86,25.526673325797677
193.88,25.52574061013904
193.9,25.524957898894186
193.92,25.524275078553437
193.94,25.52364274733217
193.96,25.52315746405952
193.98,25.522721546279517
194.0,25.522383047693314
194.02,25.522141556979776
194.04,25.52199678017961
194.06,25.521852091617756
194.08,25.521852091617756
194.1,25.521852091617756
194.12,25.521948540854037
194.14,25.522093288243006
194.16,25.522286422004065
194.18,25.52252805972623
194.2,25.522769942410047
194.22,25.523108989577214
194.24,25.523497059570342
194.26,25.523885755986775
194.28,25.524323787886818
194.3,25.52481141896491
194.32,25.525300027383125
194.34,25.52583862482641
194.36,25.526427532809063
194.38,25.526968599218886
194.4,25.52760956219824
194.42,25.52820268170539
194.44,25.528846809851423
194.46,25.529492582099028
194.48,25.53018986639334
194.5,25.530839049374293
194.52,25.531540003883386
194.54,25.532242859181732
194.56,25.532947613696663
194.58,25.533704813571365
194.6,25.534413497134885
194.62,25.535124075026612
194.64,25.535887508776526
194.66,25.53660200549999
194.68,25.53731839157543
194.7,25.538088042824647
194.72,25.53880833733267
194.74,25.53953051612825
194.76,25.540254577543433
194.78,25.540980519900867
194.8,25.541708341513793
194.82,25.542385857086906
194.84,25.543117298180096
194.86,25.54379817174667
194.88,25.54448066000586
194.9,25.54516476157073
194.92,25.545850475047317
194.94,25.546484870812762
194.96,25.547173680175696
194.98,25.54781093127374
195.0,25.548449551210783
195.02,25.54903615434767
195.04,25.549677394749217
195.06,25.550266398075202
195.08,25.550856547965235
195.1,25.551447843539226
195.12,25.55198637841512
195.14,25.55257985874687
195.16,25.553120378293553
195.18,25.553607653060197
195.2,25.554149965709165
195.22,25.554638853170776
195.24,25.55512850377158
195.26,25.555618917015003
195.28,25.556055479738504
195.3,25.55654733216844
195.32,25.556985173375143
195.34,25.557368777523035
195.36,25.55780774547905
195.38,25.558192334987154
195.4,25.558577383955544
195.42,25.558962892145072
195.44,25.559348859315996
195.46,25.559680053449195
195.48,25.56006687237602
195.5,25.56034345221117
195.52,25.560675656535555
195.54,25.56100819728539
195.56,25.561285571458207
195.58,25.56156317906483
195.6,25.561841020016384
195.62,25.56211909422383
195.64,25.562397401597973
195.66,25.56262021531727
195.68,25.562843178160247
195.7,25.563066290081018
195.72,25.563289551033634
195.74,25.56351296097208
195.76,25.563680616170146
195.78,25.56390428672287
195.8,25.564072137328633
195.82,25.564240071648044
195.84,25.564408089661573
195.86,25.56457619134967
195.88,25.56468830561794
195.9,25.564856546720137
195.92,25.564968753912996
195.94,25.56508099826552
195.96,25.565193279771886
195.98,25.565305598426274
196.0,25.56541795422286
196.02,25.56553034715581
196.04,25.56564277721929
196.06,25.565699006173155
196.08,25.56581149192148
196.1,25.56586774871448
196.12,25.56592401478573
196.14,25.5659802901345
196.16,25.56609286866167
196.18,25.566149171838607
196.2,25.566149171838607
196.22,25.566205484290133
196.24,25.566261806015522
196.26,25.566318137014036
196.28,25.566318137014036
196.3,25.566374477284942
196.32,25.566430826827506
196.34,25.566430826827506
196.36,25.566430826827506
196.38,25.566487185640998
196.4,25.566487185640998
196.42,25.566487185640998
196.44,25.566543553724685
196.46,25.566543553724685
196.48,25.566543553724685
196.5,25.566543553724685
196.52,25.566543553724685
196.54,25.566543553724685
196.56,25.566543553724685
196.58,25.566543553724685
196.6,25.566543553724685
196.62,25.566543553724685
196.64,25.566543553724685
196.66,25.566543553724685
196.68,25.566487185640998
196.7,25.566487185640998
196.72,25.566487185640998
196.74,25.566487185640998
196.76,25.566430826827506
196.78,25.566430826827506
196.8,25.566430826827506
196.82,25.566430826827506
196.84,25.566374477284942
196.86,25.566374477284942
196.88,25.566374477284942
196.9,25.566318137014036
196.92,25.566318137014036
196.94,25.566318137014036
196.96,25.566261806015522
196.98,25.566261806015522
197.0,25.566261806015522
197.02,25.566205484290133
197.04,25.566205484290133
197.06,25.566205484290133
197.08,25.566149171838607
197.1,25.566149171838607
197.12,25.566149171838607
197.14,25.56609286866167
197.16,25.56609286866167
197.18,25.56603657476006
197.2,25.56603657476006
197.22,25.56603657476006
197.24,25.5659802901345
197.26,25.5659802901345
197.28,25.5659802901345
197.3,25.56592401478573
197.32,25.56592401478573
197.34,25.56592401478573
197.36,25.56586774871448
197.38,25.56586774871448
197.4,25.56586774871448
197.42,25.56581149192148
197.44,25.56581149192148
197.46,25.56581149192148
197.48,25.56581149192148
197.5,25.56575524440746
197.52,25.56575524440746
197.54,25.56575524440746
197.56,25.565699006173155
197.58,25.565699006173155
197.6,25.565699006173155
197.62,25.565699006173155
197.64,25.56564277721929
197.66,25.56564277721929
197.68,25.56564277721929
197.7,25.56564277721929
197.72,25.56564277721929
197.74,25.5655865575466
197.76,25.5655865575466
197.78,25.5655865575466
197.8,25.5655865575466
197.82,25.5655865575466
197.84,25.56553034715581
197.86,25.56553034715581
197.88,25.56553034715581
197.9,25.56553034715581
197.92,25.56553034715581
197.94,25.565474146047652
197.96,25.565474146047652
197.98,25.565474146047652
198.0,49.87741218434232
198.02,49.88840397603628
198.04,49.918710797822236
198.06,49.964550189717194
198.08,50.02259585605861
198.1,50.09006887962497
198.12,50.164347793216166
198.14,50.24322834302814
198.16,50.324728087363944
198.18,50.40738736578209
198.2,50.4898556738564
198.22,50.570993835066744
198.24,50.64994618223543
198.26,50.726027873226045
198.28,50.79856298183238
198.3,50.86711329014005
198.32,50.9314344272971
198.34,50.991139350816844
198.36,51.04608988700977
198.38,51.09618033229867
198.4,51.14129344991054
198.42,51.18148090891187
198.44,51.21665092539393
198.46,51.24693024790029
198.48,51.2723212107518
198.5,51.29293778967842
198.52,51.308873024574964
198.54,51.32023381022133
198.56,51.32714693448513
198.58,51.329733749330885
198.6,51.32813830030012
198.62,51.32251047061505
198.64,51.31299573849182
198.66,51.299758361517874
198.68,51.28293550816342
198.7,51.26273506692429
198.72,51.239306362111705
198.74,51.212823436552945
198.76,51.183511314555616
198.78,51.15152349330045
198.8,51.117110186421726
198.82,51.080371167424964
198.84,51.04169634120798
198.86,51.00112637646452
198.88,50.95894628929969
198.9,50.91538708614564
198.92,50.870683778870834
198.94,50.824986478970196
198.96,50.778612039175556
198.98,50.73160670179086
199.0,50.684380042102084
199.02,50.636956334867286
199.04,50.58953834217594
199.06,50.54243263682553
199.08,50.49561268678551
199.1,50.449366315658324
199.12,50.40374739706089
199.14,50.35891064818125
199.16,50.31487827952064
199.18,50.27190471527535
199.2,50.22998885791262
199.22,50.18911236847656
199.24,50.149502688247175
199.26,50.111120929978696
199.28,50.07404766708449
199.3,50.03822115331557
199.32,50.003839784291266
199.34,49.97068904291761
199.36,49.93881634832181
199.38,49.908402860935105
199.4,49.87920992235014
199.42,49.8514089809185
199.44,49.82488907518368
199.46,49.79967465535069
199.48,49.775787194389025
199.5,49.753103472193516
199.52,49.73163870990568
199.54,49.71126352162943
199.56,49.69213146873024
199.58,49.674109372448264
199.6,49.65720513398086
199.62,49.641425535488914
199.64,49.62648896469784
199.66,49.61268717462202
199.68,49.59973649492526
199.7,49.58778391393581
199.72,49.57683219567237
199.74,49.56659520559269
199.76,49.5572187510715
199.78,49.548559952490535
199.8,49.540764266091045
199.82,49.53368827897029
199.84,49.52718825426927
199.86,49.52140919325376
199.88,49.51635159658277
199.9,49.51187133339029
199.92,49.50796867566647
199.94,49.50449927886492
199.96,49.501752437655114
199.98,49.499294567722664
200.0,49.497414915204104
200.02,49.49611356539015
200.04,49.49510137562533
200.06,49.49437836772894
200.08,49.49423376464259
200.1,49.49437836772894
200.12,49.494812173978055
200.14,49.49553517429707
200.16,49.49669194826631
200.18,49.497993279346495
200.2,49.49958373704102
200.22,49.50146328470475
200.24,49.503631877389374
200.26,49.50594490191695
200.28,49.508402326273895
200.3,49.51100411496661
200.32,49.51389475469954
200.34,49.51678513723504
200.36,49.51996425088819
200.38,49.52314303187941
200.4,49.52646593501868
200.42,49.52993289753888
200.44,49.53354385095121
200.46,49.53715431265367
200.48,49.540764266091045
200.5,49.544518060689505
200.52,49.54827126898045
200.54,49.55216819086394
200.56,49.55606443943297
200.58,49.5599599937595
200.6,49.56385483290166
200.62,49.56774893590428
200.64,49.57164228179932
200.66,49.5755348496064
200.68,49.579426618333265
200.7,49.58331756697629
200.72,49.58720767452096
200.74,49.591096919942366
200.76,49.5949852822057
200.78,49.59872877670848
200.8,49.602471413947285
200.82,49.606213175115535
200.84,49.60981017870226
200.86,49.6135501667732
200.88,49.617145430640015
200.9,49.620596057907
200.92,49.62404586096606
200.94,49.62749482499857
200.96,49.63079928116551
200.98,49.63410294010789
201.0,49.63740578877563
201.02,49.64056426509467
201.04,49.643721976700014
201.06,49.64673543209873
201.08,49.64974817037453
201.1,49.65261676911627
201.12,49.655484699805065
201.14,49.658208607354474
201.16,49.66093189687424
201.18,49.66365456100183
201.2,49.66623334345976
201.22,49.668668333130796
201.24,49.67124599341447
201.26,49.67353675496325
201.28,49.675827048838975
201.3,49.67811687064532
201.32,49.68026314594445
201.34,49.68240899885294
201.36,49.68441141061546
201.38,49.68641344832913
201.4,49.688415109049565
201.42,49.69027345386798
201.44,49.691988556278126
201.46,49.69370337568843
201.48,49.69541791024528
201.5,49.697132158095215
201.52,49.69856047762085
201.54,49.70013139636976
201.56,49.70155929158776
201.58,49.702986983092494
201.6,49.70427173038578
201.62,49.70555631102135
201.64,49.70684072421774
201.66,49.70798228363885
201.68,49.7091237095962
201.7,49.710265001541075
201.72,49.71126352162943
201.74,49.712261938326876
201.76,49.71326025126594
201.78,49.714115865209095
201.8,49.71497140242022
201.82,49.71582686266793
201.84,49.71668224572088
201.86,49.717395005796554
201.88,49.71810771197022
201.9,49.718677838009754
201.92,49.71939044682249
201.94,49.71996049479981
201.96,49.72053050797145
201.98,49.7211004862689
202.0,49.721670429623636
202.02,49.72209786416731
202.04,49.72252527898827
202.06,49.7229526740576
202.08,49.72338004934642
202.1,49.723664955202175
202.12,49.72409229745923
202.14,49.72437718126706
202.16,49.724662056240724
202.18,49.72494692237168
202.2,49.72523177965136
202.22,49.72537420496929
202.24,49.725659048956
202.26,49.725801467622624
202.28,49.72594388407001
202.3,49.72608629829709
202.32,49.72622871030279
202.34,49.72637112008604
202.36,49.72651352764577
202.38,49.726655932980904
202.4,49.726655932980904
202.42,49.72679833609038
202.44,49.72679833609038
202.46,49.72694073697313
202.48,49.72694073697313
202.5,49.72694073697313
202.52,49.72694073697313
202.54,49.72694073697313
202.56,49.72694073697313
202.58,49.72694073697313
202.6,49.72694073697313
202.62,49.72694073697313
202.64,49.72679833609038
202.66,49.72679833609038
202.68,49.72679833609038
202.7,49.726655932980904
202.72,49.726655932980904
202.74,49.726655932980904
202.76,49.72651352764577
202.78,49.72651352764577
202.8,49.72637112008604
202.82,49.72637112008604
202.84,49.72622871030279
202.86,49.72608629829709
202.88,49.72608629829709
202.9,49.72594388407001
202.92,49.72594388407001
202.94,49.725801467622624
202.96,49.725659048956
202.98,49.725659048956
203.0,49.72551662807119
203.02,49.72537420496929
203.04,49.72537420496929
203.06,49.72523177965136
203.08,49.72508935211847
203.1,49.72508935211847
203.12,49.72494692237168
203.14,49.72480449041208
203.16,49.72480449041208
203.18,49.724662056240724
203.2,49.7245196198587
203.22,49.7245196198587
203.24,49.72437718126706
203.26,49.724234740466876
203.28,49.724234740466876
203.3,49.72409229745923
203.32,49.723949852245184
203.34,49.723949852245184
203.36,49.723807404825806
203.38,49.723664955202175
203.4,49.723664955202175
203.42,49.72352250337536
203.44,49.72352250337536
203.46,49.72338004934642
203.48,49.72338004934642
203.5,49.72323759311643
203.52,49.723095134686474
203.54,49.723095134686474
203.56,49.7229526740576
203.58,49.7229526740576
203.6,49.72281021123091
203.62,49.72281021123091
203.64,49.72281021123091
203.66,49.72266774620743
203.68,49.72266774620743
203.7,49.72252527898827
203.72,49.72252527898827
203.74,49.72238280957448
203.76,49.72238280957448
203.78,49.72238280957448
203.8,49.722240337967136
203.82,49.722240337967136
203.84,49.722240337967136
203.86,49.72209786416731
203.88,49.72209786416731
203.9,49.72209786416731
203.92,49.72195538817608
203.94,49.72195538817608
203.96,49.72195538817608
203.98,49.72181290999449
204.0,6.08714590264271
204.02,6.004105318486248
204.04,5.773153630691477
204.06,5.414630342598287
204.08,4.945019585852858
204.1,4.377882374168282
204.12,3.7259550293043406
204.14,3.0006695051333705
204.16,2.214690596538877
204.18,1.3814698327206267
204.2,0.5148744926035868
204.22,-0.369632169688565
204.24,-1.2559359342519867
204.26,-2.1274583002917917
204.28,-2.9692635456033165
204.3,-3.7680980496146934
204.32,-4.5134007307777955
204.34,-5.198286593628244
204.36,-5.819567502972822
204.38,-6.377543087577627
204.4,-6.876164145798207
204.42,-7.3222618208329315
204.44,-7.724678068177866
204.46,-8.094243741797511
204.48,-8.442784763776208
204.5,-8.782938875625042
204.52,-9.127742071144846
204.54,-9.4893860763218
204.56,-9.878850112975828
204.58,-10.304060145969475
204.6,-10.769482010856718
204.62,-11.274233261551206
204.64,-11.812615272530541
204.66,-12.373879758363593
204.68,-12.945091587068658
204.7,-13.511587754245552
204.72,-14.060542671137442
204.74,-14.580920468204868
204.76,-15.06466972017882
204.78,-15.507428666379644
204.8,-15.906485374525419
204.82,-16.26139465076942
204.84,-16.572967102961357
204.86,-16.842831262525483
204.88,-17.07299021138762
204.9,-17.265650511902702
204.92,-17.423011780991153
204.94,-17.5471842530323
204.96,-17.640185453773093
204.98,-17.70392266180174
205.0,-17.740234837347252
205.02,-17.75091324753613
205.04,-17.73774758239377
205.06,-17.702555809789235
205.08,-17.647213745682333
205.1,-17.57374903122213
205.12,-17.48411279733
205.14,-17.380362554276537
205.16,-17.26485149691609
205.18,-17.139632632229556
205.2,-17.006819359543417
205.22,-16.86861879472777
205.24,-16.726987259526307
205.26,-16.583535120918793
205.28,-16.440050542430704
205.3,-16.298153707239187
205.32,-16.15865182980076
205.34,-16.02295059205711
205.36,-15.89185423757389
205.38,-15.765758078109503
205.4,-15.645311581881018
205.42,-15.53079876931822
205.44,-15.422585855934416
205.46,-15.320282600943512
205.48,-15.22426553848538
205.5,-15.13440500517076
205.52,-15.050513155513263
205.54,-14.972562970635968
205.56,-14.899880484025184
205.58,-14.83258804355004
205.6,-14.770381067250662
205.62,-14.712948897768612
205.64,-14.660170730405754
205.66,-14.611542711688438
205.68,-14.56694874609056
205.7,-14.526271260386773
205.72,-14.489032744184868
205.74,-14.455133026141398
205.76,-14.424298919855888
205.78,-14.396443668181554
205.8,-14.37148514060667
205.82,-14.34883435448491
205.84,-14.328772826839081
205.86,-14.310903583560318
205.88,-14.295012229531002
205.9,-14.281224585954352
205.92,-14.269337547824698
205.94,-14.258992613058963
205.96,-14.250493670892471
205.98,-14.24333044461371
206.0,-14.237812981688288
206.02,-14.233442525305312
206.04,-14.230534337326217
206.06,-14.228759260626338
206.08,-14.227952947054856
206.1,-14.228436694723817
206.12,-14.229727282034759
206.14,-14.232149458597695
206.16,-14.235383740274376
206.18,-14.239434155039017
206.2,-14.244305723145569
206.22,-14.249841399251128
206.24,-14.256046596208682
206.26,-14.262927334124537
206.28,-14.270490230048212
206.3,-14.278577118279607
206.32,-14.287193685281542
206.34,-14.296345920279984
206.36,-14.306040106336585
206.38,-14.315946221386467
206.4,-14.326404452227887
206.42,-14.337251795352273
206.44,-14.348322120387703
206.46,-14.35978914228181
206.48,-14.37148514060667
206.5,-14.383412285960473
206.52,-14.395572745371442
206.54,-14.407968680100264
206.56,-14.420426344710503
206.58,-14.433122025714168
206.6,-14.445880203876339
206.62,-14.45870037304837
206.64,-14.471761361996803
206.66,-14.484704808652038
206.68,-14.497889709119567
206.7,-14.510954291667327
206.72,-14.523895529835988
206.74,-14.537077421941367
206.76,-14.550133263721678
206.78,-14.563060132420999
206.8,-14.576040995936937
206.82,-14.588702176104906
206.84,-14.601413314549742
206.86,-14.61417391208353
206.88,-14.626606018241677
206.9,-14.639083774294061
206.92,-14.651226566154378
206.94,-14.66322069505524
206.96,-14.675255147314685
206.98,-14.686945577776187
207.0,-14.698480477224043
207.02,-14.709857691219568
207.04,-14.721075128353075
207.06,-14.73213075925847
207.08,-14.742827857664192
207.1,-14.753358249601883
207.12,-14.763720129624744
207.14,-14.773911749235452
207.16,-14.783931415840138
207.18,-14.793580349752938
207.2,-14.803053243629655
207.22,-14.812348605841649
207.24,-14.821266616619072
207.26,-14.830202252676361
207.28,-14.838757057277618
207.3,-14.847128150408286
207.32,-14.855114488113477
207.34,-14.863114229605698
207.36,-14.870726285790582
207.38,-14.87814943798082
207.4,-14.885382677527376
207.42,-14.892223688716822
207.44,-14.899073963880532
207.46,-14.905529674147179
207.48,-14.9119934556489
207.5,-14.918060522608835
207.52,-14.923931990971644
207.54,-14.92960713897669
207.56,-14.93508527767962
207.58,-14.94036575015355
207.6,-14.945447930712268
207.62,-14.950331224156164
207.64,-14.955015065041648
207.66,-14.959702813006613
207.68,-14.96398632163029
207.7,-14.968068844793505
207.72,-14.972154269258414
207.74,-14.975833618132983
207.76,-14.979515291418895
207.78,-14.982994550616509
207.8,-14.986271022333923
207.82,-14.989549303294881
207.84,-14.992419276516067
207.86,-14.995290622576352
207.88,-14.99816333569231
207.9,-15.000626744894586
207.92,-15.003091150556127
207.94,-15.0053510613173
207.96,-15.007611803487054
207.98,-15.009667742735326
208.0,-15.011724364640086
208.02,-15.013575906268224
208.04,-15.015222182554849
208.06,-15.01686889206388
208.08,-15.018310117403795
208.1,-15.019751672861798
208.12,-15.020987554017605
208.14,-15.022223676709384
208.16,-15.023460040475232
208.18,-15.024490527433812
208.2,-15.025521181216359
208.22,-15.02634582417572
208.24,-15.027170573593896
208.26,-15.027995429333664
208.28,-15.028614140829461
208.3,-15.029232911996006
208.32,-15.029851742775344
208.34,-15.030264329717834
208.36,-15.03067694311195
208.38,-15.031089582940515
208.4,-15.031295912762342
208.42,-15.031708592210348
208.44,-15.031914941832225
208.46,-15.032121298049823
208.48,-15.032121298049823
208.5,-15.032327660860988
208.52,-15.032327660860988
208.54,-15.032327660860988
208.56,-15.032327660860988
208.58,-15.032327660860988
208.6,-15.032121298049823
208.62,-15.032121298049823
208.64,-15.031914941832225
208.66,-15.031708592210348
208.68,-15.031708592210348
208.7,-15.031502249186337
208.72,-15.031089582940515
208.74,-15.030883259723002
208.76,-15.03067694311195
208.78,-15.030470633109513
208.8,-15.030058032939062
208.82,-15.029851742775344
208.84,-15.02943918230167
208.86,-15.029232911996006
208.88,-15.028820391257755
208.9,-15.028614140829461
208.92,-15.028201659865271
208.94,-15.027789205438578
208.96,-15.027376777566547
208.98,-15.027170573593896
209.0,-15.02675818558603
209.02,-15.02634582417572
209.04,-15.025933489380115
209.06,-15.025727331968183
209.08,-15.025315037126784
209.1,-15.024902768942946
209.12,-15.024490527433812
209.14,-15.024078312616513
209.16,-15.023666124508184
209.18,-15.023460040475232
209.2,-15.023047892462467
209.22,-15.022635771201477
209.24,-15.022223676709384
209.26,-15.022017639507022
209.28,-15.021605585200358
209.3,-15.021193557705375
209.32,-15.020781557039172
209.34,-15.020575566772205
209.36,-15.020163606381237
209.38,-15.019957636261509
209.4,-15.019545716184245
209.42,-15.019133823004145
209.44,-15.018927886505873
209.46,-15.018516033703564
209.48,-15.018310117403795
209.5,-15.01789830501771
209.52,-15.017692408935659
209.54,-15.017486519597115
209.56,-15.017074761159092
209.58,-15.01686889206388
209.6,-15.016663029720705
209.62,-15.016251325299022
209.64,-15.016045483224776
209.66,-15.0158396479111
209.68,-15.015633819360136
209.7,-15.015427997574006
209.72,-15.015222182554849
209.74,-15.014810572825965
209.76,-15.014604778120505
209.78,-15.014398990190537
209.8,-15.014193209038195
209.82,-15.013987434665609
209.84,-15.013781667074907
209.86,-15.013781667074907
209.88,-15.013575906268224
209.9,-15.013370152247681
209.92,-15.013164405015416
209.94,-15.012958664573558
209.96,-15.012958664573558
209.98,-15.01275293092423
210.0,-26.477973938292855
210.02,-26.480937464352287
210.04,-26.489019998373735
210.06,-26.501196350934617
210.08,-26.516579962281376
210.1,-26.534331352740402
210.12,-26.553734712980113
210.14,-26.574148764451472
210.16,-26.59496352476976
210.18,-26.61570836568868
210.2,-26.636035870605873
210.22,-26.65553854633376
210.24,-26.673935084856623
210.26,-26.690976958803184
210.28,-26.706482838457163
210.3,-26.720298298691226
210.32,-26.732276451991613
210.34,-26.742373081277503
210.36,-26.750518384527695
210.38,-26.756688564979502
210.4,-26.760880639144577
210.42,-26.763110347650482
210.44,-26.763426683866918
210.46,-26.761884297773427
210.48,-26.758565180377538
210.5,-26.753533156441804
210.52,-26.746908655921356
210.54,-26.738799689671968
210.56,-26.72931660950134
210.58,-26.71854494818941
210.6,-26.70664731524276
210.62,-26.693745965458692
210.64,-26.679926333712906
210.66,-26.665374649166548
210.68,-26.650133409127246
210.7,-26.634392441897166
210.72,-26.61822106313201
210.74,-26.601721585008736
210.76,-26.584991024618763
210.78,-26.56817056333562
210.8,-26.551298643774206
210.82,-26.534454159035654
210.84,-26.517709833683657
210.86,-26.501186658578867
210.88,-26.48483691059267
210.9,-26.46882439751715
210.92,-26.45308631051991
210.94,-26.43777765614831
210.96,-26.422822383043453
210.98,-26.408251807649542
211.0,-26.3942082341885
211.02,-26.3805420420505
211.04,-26.367387474198495
211.06,-26.3547023291163
211.08,-26.342498871345256
211.1,-26.330786480604853
211.12,-26.319514818486887
211.14,-26.308745916044735
211.16,-26.298425635095423
211.18,-26.288611718034442
211.2,-26.279191354263823
211.22,-26.27027534668891
211.24,-26.261749800119933
211.26,-26.25366720977917
211.28,-26.24596894933201
211.3,-26.238651300352377
211.32,-26.23176362346819
211.34,-26.22524683827022
211.36,-26.219043107851434
211.38,-26.213200777521788
211.4,-26.207662349010267
211.42,-26.202475085544403
211.44,-26.197582063500217
211.46,-26.192927792440674
211.48,-26.188610037196312
211.5,-26.184522712981792
211.52,-26.180712365169164
211.54,-26.17712501204014
211.56,-26.17380673937976
211.58,-26.170655298571717
211.6,-26.167766091598274
211.62,-26.16503820606364
211.64,-26.16251789091436
211.66,-26.1602024403123
211.68,-26.15804138835846
211.7,-26.15603293960904
211.72,-26.154175391679267
211.74,-26.15246714095108
211.76,-26.150953897424756
211.78,-26.149539706209996
211.8,-26.148223723918836
211.82,-26.147098774616122
211.84,-26.146023339987746
211.86,-26.14509028996508
211.88,-26.14425222991605
211.9,-26.143555069921437
211.92,-26.142905393574313
211.94,-26.142349303396237
211.96,-26.14188644277056
211.98,-26.141516513518308
212.0,-26.14123927644426
212.02,-26.14100838311813
212.04,-26.14082375858349
212.06,-26.140731476378082
212.08,-26.140685342794008
212.1,-26.140731476378082
212.12,-26.14082375858349
212.14,-26.140916060832573
212.16,-26.14110072543295
212.18,-26.141331668800674
212.2,-26.141608965865085
212.22,-26.14188644277056
212.24,-26.142210392865643
212.26,-26.142580920557446
212.28,-26.142998144896303
212.3,-26.14341577167728
212.32,-26.14388027262855
212.34,-26.14439179549765
212.36,-26.144857335137903
212.38,-26.145416633649607
212.4,-26.1459299465004
212.42,-26.146537354973233
212.44,-26.147098774616122
212.46,-26.14770777347673
212.48,-26.14827065771807
212.5,-26.148881239480097
212.52,-26.149539706209996
212.54,-26.150151989062955
212.56,-26.150812283001553
212.58,-26.15142625814204
212.6,-26.15208836978887
212.62,-26.152751420197724
212.64,-26.153367948191498
212.66,-26.154032801806082
212.68,-26.15469858663921
212.7,-26.155317646972648
212.72,-26.155985220417826
212.74,-26.156605937124894
212.76,-26.157275289522037
212.78,-26.15789765361439
212.8,-26.158520807675792
212.82,-26.159144749610018
212.84,-26.15976947731679
212.86,-26.16039498869179
212.88,-26.16097307754742
212.9,-26.161600090047354
212.92,-26.16217956094817
212.94,-26.162759692661687
212.96,-26.16334048351756
212.98,-26.16387345274465
213.0,-26.16445550227721
213.02,-26.164989622466926
213.04,-26.165524291116395
213.06,-26.16605950692828
213.08,-26.1665465404743
213.1,-26.167034024169133
213.12,-26.167521957033692
213.14,-26.168010338087495
213.16,-26.168499166348667
213.18,-26.168939493333387
213.2,-26.16938018104189
213.22,-26.16982122875551
213.24,-26.17026263575468
213.26,-26.170655298571717
213.28,-26.171048244192818
213.3,-26.171441472110796
213.32,-26.1718349818179
213.34,-26.172179533567178
213.36,-26.172524300331204
213.38,-26.172869281768772
213.4,-26.173214477538334
213.42,-26.17355988729802
213.44,-26.17385612286561
213.46,-26.174152515183337
213.48,-26.17444906403534
213.5,-26.17474576920557
213.52,-26.174993142767864
213.54,-26.17529013395982
213.56,-26.175537745570402
213.58,-26.17578546518416
213.6,-26.175983718553113
213.62,-26.17623163225627
213.64,-26.17643004073396
213.66,-26.176678148119418
213.68,-26.17687671137997
213.7,-26.177025678905192
213.72,-26.177224362326857
213.74,-26.177423114323332
213.76,-26.17757222328408
213.78,-26.177721370754607
213.8,-26.177870556707667
213.82,-26.17801978111599
213.84,-26.1781690439523
213.86,-26.178318345189314
213.88,-26.178417900667565
213.9,-26.178517473192574
213.92,-26.178666863925052
213.94,-26.17876647903154
213.96,-26.178866111156456
213.98,-26.178965760291685
214.0,-26.179065426429137
214.02,-26.17911526587116
214.04,-26.179214957496743
214.06,-26.179264809678273
214.08,-26.179364526773742
214.1,-26.179414391685654
214.12,-26.179464260838998
214.14,-26.17951413423276
214.16,-26.179564011865928
214.18,-26.179613893737486
214.2,-26.179663779846415
214.22,-26.179713670191706
214.24,-26.17976356477234
214.26,-26.17976356477234
214.28,-26.17981346358731
214.3,-26.179863366635587
214.32,-26.179863366635587
214.34,-26.179913273916167
214.36,-26.179913273916167
214.38,-26.179913273916167
214.4,-26.179963185428033
214.42,-26.179963185428033
214.44,-26.179963185428033
214.46,-26.179963185428033
214.48,-26.179963185428033
214.5,-26.179963185428033
214.52,-26.179963185428033
214.54,-26.179963185428033
214.56,-26.179963185428033
214.58,-26.179963185428033
214.6,-26.179963185428033
214.62,-26.179963185428033
214.64,-26.179963185428033
214.66,-26.179963185428033
214.68,-26.179963185428033
214.7,-26.179963185428033
214.72,-26.179913273916167
214.74,-26.179913273916167
214.76,-26.179913273916167
214.78,-26.179913273916167
214.8,-26.179863366635587
214.82,-26.179863366635587
214.84,-26.179863366635587
214.86,-26.179863366635587
214.88,-26.17981346358731
214.9,-26.17981346358731
214.92,-26.17981346358731
214.94,-26.17976356477234
214.96,-26.17976356477234
214.98,-26.17976356477234
215.0,-26.179713670191706
215.02,-26.179713670191706
215.04,-26.179713670191706
215.06,-26.179663779846415
215.08,-26.179663779846415
215.1,-26.179663779846415
215.12,-26.179613893737486
215.14,-26.179613893737486
215.16,-26.179613893737486
215.18,-26.179564011865928
215.2,-26.179564011865928
215.22,-26.179564011865928
215.24,-26.17951413423276
215.26,-26.17951413423276
215.28,-26.17951413423276
215.3,-26.179464260838998
215.32,-26.179464260838998
215.34,-26.179464260838998
215.36,-26.179414391685654
215.38,-26.179414391685654
215.4,-26.179414391685654
215.42,-26.179364526773742
215.44,-26.179364526773742
215.46,-26.179364526773742
215.48,-26.179364526773742
215.5,-26.17931466610428
215.52,-26.17931466610428
215.54,-26.17931466610428
215.56,-26.17931466610428
215.58,-26.179264809678273
215.6,-26.179264809678273
215.62,-26.179264809678273
215.64,-26.179264809678273
215.66,-26.179214957496743
215.68,-26.179214957496743
215.7,-26.179214957496743
215.72,-26.179214957496743
215.74,-26.179165109560703
215.76,-26.179165109560703
215.78,-26.179165109560703
215.8,-26.179165109560703
215.82,-26.179165109560703
215.84,-26.179165109560703
215.86,-26.17911526587116
215.88,-26.17911526587116
215.9,-26.17911526587116
215.92,-26.17911526587116
215.94,-26.17911526587116
215.96,-26.17911526587116
215.98,-26.179065426429137
216.0,27.655116245761505
216.02,27.72561903641521
216.04,27.920455292895543
216.06,28.219238951641593
216.08,28.603578797773828
216.1,29.057843114365525
216.12,29.56837568891261
216.14,30.1228076381148
216.16,30.711700844298367
216.18,31.32663971232388
216.2,31.96104066740413
216.22,32.61015412934282
216.24,33.27054029177491
216.26,33.93972037490701
216.28,34.61622855565405
216.3,35.2994182038348
216.32,35.98837551903016
216.34,36.6831951846105
216.36,37.38293169307236
216.38,38.08681398544017
216.4,38.7935107370415
216.42,39.50113557250621
216.44,40.207241686261895
216.46,40.908804937642266
216.48,41.60242899648192
216.5,42.284102607157706
216.52,42.95015062339763
216.54,43.59658901579457
216.56,44.21984199995468
216.58,44.816677943295296
216.6,45.38455513876696
216.62,45.92146615128887
216.64,46.425775656550805
216.66,46.896630217110655
216.68,47.334050967169965
216.7,47.7377781960292
216.72,48.10864317575123
216.74,48.447565274274424
216.76,48.75553106495942
216.78,49.03383293891962
216.8,49.2839661633938
216.82,49.50722102337871
216.84,49.70522889607144
216.86,49.879189266954015
216.88,50.030660851999684
216.9,50.16095567924602
216.92,50.271343387524034
216.94,50.36314724520383
216.96,50.43744778897424
216.98,50.49541081115916
217.0,50.53803952962016
217.02,50.56631190859548
217.04,50.581138118245136
217.06,50.58337357697739
217.08,50.57384117451289
217.1,50.55331938767617
217.12,50.52263257904796
217.14,50.4825251709803
217.16,50.43382902634413
217.18,50.37738194599584
217.2,50.31405331756478
217.22,50.2447433416234
217.24,50.17029459882712
217.26,50.09180019352217
217.28,50.01012095316263
217.3,49.92606757651986
217.32,49.840608247614576
217.34,49.75468345433853
217.36,49.66882418614268
217.38,49.5838202114848
217.4,49.50026716512392
217.42,49.41867387187887
217.44,49.33946294569935
217.46,49.262974136335025
217.48,49.18946975337605
217.5,49.11914149753866
217.52,49.05211809077312
217.54,48.98861597464494
217.56,48.92837657449151
217.58,48.871815874586595
217.6,48.818456809283866
217.62,48.76865682072047
217.64,48.722032445061686
217.66,48.67861468690074
217.68,48.638277340900196
217.7,48.60102742284028
217.72,48.5665779455066
217.74,48.53492319619214
217.76,48.505910890214395
217.78,48.479387050696715
217.8,48.455338384173956
217.82,48.433609454790144
217.84,48.41390512896713
217.86,48.39649384312563
217.88,48.38094206523306
217.9,48.367239404153835
217.92,48.35537612696371
217.94,48.34520413794961
217.96,48.336577110877755
217.98,48.32948922275874
218.0,48.323796779538284
218.02,48.319496123203415
218.04,48.3164458273835
218.06,48.31464407937954
218.08,48.31395123820111
218.1,48.314366933641935
218.12,48.31575278574852
218.14,48.318109440992984
218.16,48.32143799227239
218.18,48.32546233445238
218.2,48.330322688229366
218.22,48.33588187716354
218.24,48.342141641551834
218.26,48.34910390161475
218.28,48.356631269227385
218.3,48.36472548079587
218.32,48.373248540113174
218.34,48.38220179039926
218.36,48.39172675270574
218.38,48.40154465195086
218.4,48.41179683572369
218.42,48.42220321592768
218.44,48.433045810820424
218.46,48.44418482019461
218.48,48.455338384173956
218.5,48.46693043289021
218.52,48.47853720945955
218.54,48.49030002621731
218.56,48.502218884124446
218.58,48.51429374685812
218.6,48.52623994797578
218.62,48.53848379944123
218.64,48.55059783976409
218.66,48.56272378058894
218.68,48.5748610335387
218.7,48.58700900496033
218.72,48.59902400315282
218.74,48.611048301474675
218.76,48.62293801330067
218.78,48.63483566022884
218.8,48.646597191329235
218.82,48.65822179483012
218.84,48.6697086986305
218.86,48.681057169608714
218.88,48.692266512906585
218.9,48.70333607119098
218.92,48.71412139961171
218.94,48.724909527832665
218.96,48.73541223653015
218.98,48.745772853035724
219.0,48.755990913121664
219.02,48.765922050102716
219.04,48.77570978664364
219.06,48.78535376676676
219.08,48.79470972779605
219.1,48.80392132311757
219.12,48.8128443792428
219.14,48.82162260846053
219.16,48.8301119350217
219.18,48.8384561060244
219.2,48.846654976228166
219.22,48.854564623965864
219.24,48.8621850395905
219.26,48.86980370854977
219.28,48.876989381519216
219.3,48.88402955471171
219.32,48.890924208661495
219.34,48.89752975891978
219.36,48.903989874009824
219.38,48.910304575928244
219.4,48.91633044610989
219.42,48.92221106632446
219.44,48.92780312634717
219.46,48.93325014031532
219.48,48.93855217798684
219.5,48.94370931508248
219.52,48.948578445469025
219.54,48.95330293051128
219.56,48.95788285988545
219.58,48.96217526779455
219.6,48.96646640967886
219.62,48.97047030617657
219.64,48.97433011330991
219.66,48.97804592920001
219.68,48.98161785224003
219.7,48.985045980654725
219.72,48.98833041207643
219.74,48.99147124313774
219.76,48.9944685690807
219.78,48.99732248338279
219.8,49.000033077399664
219.82,49.00260044002465
219.84,49.00502465736523
219.86,49.00744836966788
219.88,49.00958651547965
219.9,49.011724259906764
219.92,49.01371912251406
219.94,49.01557117613257
219.96,49.01742292019289
219.98,49.01913194548536
220.0,49.02069831674333
220.02,49.022122094025164
220.04,49.023545682903915
220.06,49.024826750869984
220.08,49.026107664478936
220.1,49.02724612409943
220.12,49.02838446052115
220.14,49.029380403370844
220.16,49.0302339929457
220.18,49.031087512361346
220.2,49.03194096137209
220.22,49.03265211492228
220.24,49.0332210023416
220.26,49.0339320672203
220.28,49.03450088351818
220.3,49.03492747492419
220.32,49.0353540484526
220.34,49.0357806040727
220.36,49.03606496452187
220.38,49.036349316989046
220.4,49.03663366146514
220.42,49.03691799794103
220.44,49.037060163176065
220.46,49.03720232640764
220.48,49.03734448763461
220.5,49.03734448763461
220.52,49.037486646855854
220.54,49.037486646855854
220.56,49.037486646855854
220.58,49.03734448763461
220.6,49.03734448763461
220.62,49.03720232640764
220.64,49.03720232640764
220.66,49.037060163176065
220.68,49.03691799794103
220.7,49.036775830703675
220.72,49.036491490226545
220.74,49.036349316989046
220.76,49.03606496452187
220.78,49.03592278529446
220.8,49.0356384208577
220.82,49.03549623565062
220.84,49.035211859264756
220.86,49.03492747492419
220.88,49.03464308263802
220.9,49.034358682415345
220.92,49.034074274265265
220.94,49.03378985819689
220.96,49.0335054342193
220.98,49.0332210023416
221.0,49.03293656257289
221.02,49.03265211492228
221.04,49.03236765939885
221.06,49.032083196011705
221.08,49.03165648620644
221.1,49.03137200319983
221.12,49.031087512361346
221.14,49.0308030137001
221.16,49.03051850722518
221.18,49.0302339929457
221.2,49.029949470870754
221.22,49.02966494100943
221.24,49.029380403370844
221.26,49.02909585796408
221.28,49.02866902530853
221.3,49.02838446052115
221.32,49.028099887997456
221.34,49.027957598837325
221.36,49.02767301472621
221.38,49.02738842290152
221.4,49.02710382337236
221.42,49.026819216147814
221.44,49.026534601237
221.46,49.02624997864902
221.48,49.026107664478936
221.5,49.02582303039225
221.52,49.02553838865114
221.54,49.02539606491302
221.56,49.02511141170734
221.58,49.02496908224205
221.6,49.024684417592276
221.62,49.02454208241006
221.64,49.02425740633665
221.66,49.024115065447745
221.68,49.023830377971194
221.7,49.02368803138582
221.72,49.023545682903915
221.74,49.02326098025501
221.76,49.023118626090294
221.78,49.02297627003359
221.8,49.02283391208602
221.82,49.02269155224874
221.84,49.022549190522874
221.86,49.02226446140995
221.88,49.022122094025164
221.9,49.02197972475635
221.92,49.02197972475635
221.94,49.021837353604646
221.96,49.02169498057118
221.98,49.02155260565711
222.0,27.138334574948782
222.02,27.123639108349334
222.04,27.082491644096923
222.06,27.01918102695727
222.08,26.936970228859717
222.1,26.838990175372675
222.12,26.727541062204203
222.14,26.60482256979838
222.16,26.472795657720912
222.18,26.332887741758515
222.2,26.186573339293286
222.22,26.03522501979278
222.24,25.879811013436427
222.26,25.72162882699192
222.28,25.561261639302725
222.3,25.39975928526773
222.32,25.237890839935385
222.34,25.07628830922264
222.36,24.91573774611067
222.38,24.756585792403907
222.4,24.599328319464135
222.42,24.444746390044298
222.44,24.293175988281124
222.46,24.14494676784582
222.48,24.000379848374212
222.5,23.860059083693475
222.52,23.723864363456528
222.54,23.59247935563627
222.56,23.46576275307823
222.58,23.34421694181434
222.6,23.227804669984188
222.62,23.11660853862859
222.64,23.011047460270944
222.66,22.910807240435005
222.68,22.816255674282544
222.7,22.727279432491766
222.72,22.643764984106443
222.74,22.565982920196525
222.76,22.49358599833951
222.78,22.426697012630832
222.8,22.365139098923986
222.82,22.30889043349553
222.84,22.257749278358077
222.86,22.21151760267771
222.88,22.170184258122138
222.9,22.133513855409962
222.92,22.10127729237638
222.94,22.073297355716573
222.96,22.049422328888976
222.98,22.029366447323245
223.0,22.012960078312187
223.02,21.999979436151783
223.04,21.99017541195609
223.06,21.983313356436835
223.08,21.979186329778624
223.1,21.977559743794494
223.12,21.978212493746298
223.14,21.980921586116857
223.16,21.985491300158124
223.18,21.991690339821282
223.2,21.999344043877475
223.22,22.00826163217205
223.24,22.018255355501715
223.26,22.029141539941946
223.28,22.04078115834487
223.3,22.053055906034036
223.32,22.065773489025
223.34,22.07883377247858
223.36,22.092156129115075
223.38,22.10556523309362
223.4,22.118998416136677
223.42,22.13241052796432
223.44,22.145643351032945
223.46,22.158668175794485
223.48,22.1714713901868
223.5,22.18398173100483
223.52,22.196059057135713
223.54,22.20778572968099
223.56,22.219032405507775
223.58,22.229902276946046
223.6,22.240274845523547
223.62,22.250108224920147
223.64,22.259529026764973
223.66,22.26842534209577
223.68,22.276767807524507
223.7,22.284615413623445
223.72,22.29194654558434
223.74,22.298741491963167
223.76,22.305158957468507
223.78,22.311009024204544
223.8,22.316366512953856
223.82,22.321219994372292
223.84,22.325740601782783
223.86,22.32973980468837
223.88,22.333300953936316
223.9,22.336509917097352
223.92,22.339270247526677
223.94,22.341669816361623
223.96,22.34370548511219
223.98,22.345374611480093
224.0,22.346675042759944
224.02,22.34769817152998
224.04,22.348443016546103
224.06,22.34881567608861
224.08,22.349002065082075
224.1,22.348908865651243
224.12,22.34862932657315
224.14,22.348070514998852
224.16,22.34732598622254
224.18,22.346303292823947
224.2,22.34518899417896
224.22,22.343890784685716
224.24,22.34240950201275
224.26,22.34074610655517
224.28,22.33899380885121
224.3,22.337153187263226
224.32,22.335133138105967
224.34,22.33302647394158
224.36,22.330925145816376
224.38,22.328647163323172
224.4,22.3262847888121
224.42,22.323929294705547
224.44,22.321490509984798
224.46,22.318969286717447
224.48,22.316456119597323
224.5,22.313861717154307
224.52,22.311276013211923
224.54,22.308699036234007
224.56,22.3060424115705
224.58,22.30339518729242
224.6,22.300757394107418
224.62,22.29812906245109
224.64,22.29551022248715
224.66,22.29290090410764
224.68,22.290301136933124
224.7,22.287710950312896
224.72,22.285130373325245
224.74,22.282644977141135
224.76,22.280083382881152
224.78,22.277616389776362
224.8,22.275158480764897
224.82,22.27279397037682
224.84,22.270353989139252
224.86,22.26800683442973
224.88,22.265751612371247
224.9,22.263504368367023
224.92,22.261265121732354
224.94,22.259033891606883
224.96,22.25697510206056
224.98,22.254841284953613
225.0,22.25279659534976
225.02,22.250840216734417
225.04,22.248890241430036
225.06,22.246946682185417
225.08,22.245090136898963
225.1,22.243319845811307
225.12,22.24155497628785
225.14,22.23979553782832
225.16,22.238121148877227
225.18,22.236531108851455
225.2,22.234945579443206
225.22,22.233364567571375
225.24,22.23186679691646
225.26,22.230451628159308
225.28,22.229040134349532
225.3,22.22771043565237
225.32,22.226384023389688
225.34,22.225060901635278
225.36,22.22381862005927
225.38,22.222656634527358
225.4,22.22149721965272
225.42,22.220417420815043
225.44,22.21933986588929
225.46,22.21826455706939
225.48,22.217268069111032
225.5,22.216349956203477
225.52,22.215433497939085
225.54,22.21451869567082
225.56,22.213681582821525
225.58,22.212845863632563
225.6,22.21208732915473
225.62,22.21132994808024
225.64,22.210573721174605
225.66,22.209894104404043
225.68,22.209215423681353
225.7,22.208612938191692
225.72,22.207936027062416
225.74,22.207410188842328
225.76,22.206809925750655
225.78,22.206285303847615
225.8,22.20583608001547
225.82,22.205312513201854
225.84,22.20486419410767
225.86,22.204416292837422
225.88,22.204043361064617
225.9,22.203596226217428
225.92,22.203298368683562
225.94,22.202926308258256
225.96,22.20255453846473
225.98,22.202257331945944
226.0,22.201960311536222
226.02,22.20173766839093
226.04,22.201440973783708
226.06,22.201218575043473
226.08,22.200996281080766
226.1,22.200774091915058
226.12,22.200552007565783
226.14,22.200404009573877
226.16,22.2001820999618
226.18,22.200034218479306
226.2,22.199886383610615
226.22,22.199812483658235
226.24,22.19966471872099
226.26,22.19951700041186
226.28,22.19944315874463
226.3,22.199369328736566
226.32,22.199295510388392
226.34,22.199221703700815
226.36,22.199147908674554
226.38,22.199074125310315
226.4,22.199074125310315
226.42,22.199000353608817
226.44,22.199000353608817
226.46,22.19892659357077
226.48,22.19892659357077
226.5,22.19892659357077
226.52,22.19892659357077
226.54,22.19892659357077
226.56,22.19892659357077
226.58,22.19892659357077
226.6,22.19892659357077
226.62,22.19892659357077
226.64,22.19892659357077
226.66,22.199000353608817
226.68,22.199000353608817
226.7,22.199000353608817
226.72,22.199074125310315
226.74,22.199074125310315
226.76,22.199147908674554
226.78,22.199147908674554
226.8,22.199221703700815
226.82,22.199295510388392
226.84,22.199295510388392
226.86,22.199369328736566
226.88,22.19944315874463
226.9,22.19944315874463
226.92,22.19951700041186
226.94,22.199590853737554
226.96,22.199590853737554
226.98,22.19966471872099
227.0,22.199738595361453
227.02,22.199812483658235
227.04,22.199812483658235
227.06,22.199886383610615
227.08,22.199960295217874
227.1,22.200034218479306
227.12,22.200034218479306
227.14,22.200108153394183
227.16,22.2001820999618
227.18,22.20025605818143
227.2,22.20025605818143
227.22,22.200330028052363
227.24,22.200404009573877
227.26,22.200478002745257
227.28,22.200478002745257
227.3,22.200552007565783
227.32,22.20062602403474
227.34,22.20062602403474
227.36,22.2007000521514
227.38,22.200774091915058
227.4,22.200774091915058
227.42,22.200848143324983
227.44,22.200922206380458
227.46,22.200922206380458
227.48,22.200996281080766
227.5,22.200996281080766
227.52,22.201070367425185
227.54,22.201144465412995
227.56,22.201144465412995
227.58,22.201218575043473
227.6,22.201218575043473
227.62,22.2012926963159
227.64,22.2012926963159
227.66,22.20136682922955
227.68,22.20136682922955
227.7,22.201440973783708
227.72,22.201440973783708
227.74,22.201515129977647
227.76,22.201515129977647
227.78,22.201589297810646
227.8,22.201589297810646
227.82,22.201589297810646
227.84,22.201663477281983
227.86,22.201663477281983
227.88,22.201663477281983
227.9,22.20173766839093
227.92,22.20173766839093
227.94,22.20173766839093
227.96,22.20181187113677
227.98,22.20181187113677
228.0,25.730367553158825
228.02,25.729256772455432
228.04,25.72620278073048
228.06,25.7213925220087
228.08,25.71510645763723
228.1,25.707718069126567
228.12,25.699324174116523
228.14,25.690206584310175
228.16,25.68037102842511
228.18,25.670099327013478
228.2,25.659397596669894
228.22,25.648363888123587
228.24,25.637095868390297
228.26,25.62578082396771
228.28,25.61424365434394
228.3,25.602760370732565
228.32,25.59124580188004
228.34,25.579793778004056
228.36,25.56840815203753
228.38,25.557180164687033
228.4,25.546111819888687
228.42,25.53511865728513
228.44,25.524375410871322
228.46,25.513881613252806
228.48,25.503552162183883
228.5,25.493388028172348
228.52,25.483555956329322
228.54,25.473887814108163
228.56,25.464547133727443
228.58,25.455448985732975
228.6,25.446511059009644
228.62,25.437892074295366
228.64,25.429587399860836
228.66,25.421436217700194
228.68,25.41359251077188
228.7,25.406051258127054
228.72,25.398731468081657
228.74,25.39163007701654
228.76,25.384743949060834
228.78,25.37814370156676
228.8,25.371824057698696
228.82,25.36563479142921
228.84,25.359718254023004
228.86,25.354069199499154
228.88,25.348611889506927
228.9,25.343343066117495
228.92,25.338328822121294
228.94,25.33342665972057
228.96,25.328771491945734
228.98,25.32435846263488
229.0,25.320048712301432
229.02,25.31597390579944
229.04,25.312063485050498
229.06,25.308249045433104
229.08,25.304659278298043
229.1,25.301225408489408
229.12,25.29794474845492
229.14,25.294814685748896
229.16,25.291832686536544
229.18,25.28899629886847
229.2,25.286240724866477
229.22,25.283688921688327
229.24,25.281214188729482
229.26,25.278876809572374
229.28,25.27661373342012
229.3,25.274484641074185
229.32,25.272487621831562
229.34,25.270560795966922
229.36,25.268763074141283
229.38,25.267033279059703
229.4,25.265370614891584
229.42,25.263833310034485
229.44,25.262419910269788
229.46,25.261011946097124
229.48,25.259726096151926
229.5,25.258502970061606
229.52,25.25734197752104
229.54,25.25624255478033
229.56,25.25526177226183
229.58,25.25428374320275
229.6,25.25342306581747
229.62,25.25256453729709
229.64,25.251822219295985
229.66,25.2510815186913
229.68,25.25045603646526
229.7,25.249831714299486
229.72,25.249265156140925
229.74,25.24869955817488
229.76,25.248247771606863
229.78,25.24779660036
229.8,25.247402330552102
229.82,25.247008532355455
229.84,25.246727536801153
229.86,25.246390660030503
229.88,25.246166268248356
229.9,25.245942030702384
229.92,25.24571794743614
229.94,25.245549986258684
229.96,25.245382111906352
229.98,25.245270243916675
230.0,25.245214324397434
230.02,25.24510251431353
230.04,25.245046623750216
230.06,25.245046623750216
230.08,25.245046623750216
230.1,25.245046623750216
230.12,25.245046623750216
230.14,25.24510251431353
230.16,25.24515841452949
230.18,25.245214324397434
230.2,25.245270243916675
230.22,25.245382111906352
230.24,25.2454940184931
230.26,25.245605963671505
230.28,25.24571794743614
230.3,25.2458859954204
230.32,25.24599807562685
230.34,25.246166268248356
230.36,25.246334547627708
230.38,25.246502913746518
230.4,25.246671366586373
230.42,25.246839906128837
230.44,25.247008532355455
230.46,25.247177245247748
230.48,25.247402330552102
230.5,25.247571245592333
230.52,25.2477402472365
230.54,25.2479657174472
230.56,25.248134921094987
230.58,25.248360660576317
230.6,25.24853006612637
230.62,25.24875607474303
230.64,25.248925682093745
230.66,25.249151959710083
230.68,25.24937839097948
230.7,25.249548315239593
230.72,25.249775015294787
230.74,25.24994514109308
230.76,25.250172109797514
230.78,25.250342437031428
230.8,25.250512850563442
230.82,25.25074020281493
230.84,25.250910817635614
230.86,25.2510815186913
230.88,25.251309254209414
230.9,25.25148015640628
230.92,25.251651144774815
230.94,25.251822219295985
230.96,25.251993379950722
230.98,25.252164626719942
231.0,25.252335959584542
231.02,25.252507378525394
231.04,25.252678883523348
231.06,25.252850474559242
231.08,25.25296491637255
231.1,25.253136650762357
231.12,25.253308471138883
231.14,25.25342306581747
231.16,25.253595029462428
231.18,25.253709719635456
231.2,25.25382444799626
231.22,25.25399661212703
231.24,25.254111435932234
231.26,25.254226297905173
231.28,25.254341198040105
231.3,25.2544561363313
231.32,25.254571112773004
231.34,25.254686127359474
231.36,25.254801180084957
231.38,25.2549162709437
231.4,25.255031399929933
231.42,25.25508897871906
231.44,25.25520416488573
231.46,25.255319389165475
231.48,25.255377015595947
231.5,25.25549229703448
231.52,25.25554995204109
231.54,25.255607616571638
231.56,25.255722974201646
231.58,25.25578066729966
231.6,25.255838369918713
231.62,25.25589608205808
231.64,25.256011534894867
231.66,25.256069275590832
231.68,25.256127025804215
231.7,25.25618478553429
231.72,25.25624255478033
231.74,25.256300333541606
231.76,25.256300333541606
231.78,25.256358121817396
231.8,25.25641591960697
231.82,25.256473726909604
231.84,25.256531543724567
231.86,25.256531543724567
231.88,25.256589370051135
231.9,25.25664720588858
231.92,25.25664720588858
231.94,25.256705051236175
231.96,25.256705051236175
231.98,25.256762906093186
232.0,25.256762906093186
232.02,25.25682077045889
232.04,25.25682077045889
232.06,25.25682077045889
232.08,25.25687864433256
232.1,25.25687864433256
232.12,25.25687864433256
232.14,25.25693652771346
232.16,25.25693652771346
232.18,25.25693652771346
232.2,25.25693652771346
232.22,25.25699442060087
232.24,25.25699442060087
232.26,25.25699442060087
232.28,25.25699442060087
232.3,25.25699442060087
232.32,25.25699442060087
232.34,25.25705232299405
232.36,25.25705232299405
232.38,25.25705232299405
232.4,25.25705232299405
232.42,25.25705232299405
232.44,25.25705232299405
232.46,25.25705232299405
232.48,25.25705232299405
232.5,25.25705232299405
232.52,25.25705232299405
232.54,25.25705232299405
232.56,25.25705232299405
232.58,25.25705232299405
232.6,25.25705232299405
232.62,25.25705232299405
232.64,25.25705232299405
232.66,25.25705232299405
232.68,25.25705232299405
232.7,25.25705232299405
232.72,25.25705232299405
232.74,25.25705232299405
232.76,25.25705232299405
232.78,25.25705232299405
232.8,25.25705232299405
232.82,25.25699442060087
232.84,25.25699442060087
232.86,25.25699442060087
232.88,25.25699442060087
232.9,25.25699442060087
232.92,25.25699442060087
232.94,25.25699442060087
232.96,25.25699442060087
232.98,25.25699442060087
233.0,25.25699442060087
233.02,25.25699442060087
233.04,25.25699442060087
233.06,25.25693652771346
233.08,25.25693652771346
233.1,25.25693652771346
233.12,25.25693652771346
233.14,25.25693652771346
233.16,25.25693652771346
233.18,25.25693652771346
233.2,25.25693652771346
233.22,25.25693652771346
233.24,25.25693652771346
233.26,25.25693652771346
233.28,25.25693652771346
233.3,25.25687864433256
233.32,25.25687864433256
233.34,25.25687864433256
233.36,25.25687864433256
233.38,25.25687864433256
233.4,25.25687864433256
233.42,25.25687864433256
233.44,25.25687864433256
233.46,25.25687864433256
233.48,25.25687864433256
233.5,25.25687864433256
233.52,25.25687864433256
233.54,25.25687864433256
233.56,25.25682077045889
233.58,25.25682077045889
233.6,25.25682077045889
233.62,25.25682077045889
233.64,25.25682077045889
233.66,25.25682077045889
233.68,25.25682077045889
233.7,25.25682077045889
233.72,25.25682077045889
233.74,25.25682077045889
233.76,25.25682077045889
233.78,25.25682077045889
233.8,25.25682077045889
233.82,25.25682077045889
233.84,25.25682077045889
233.86,25.25682077045889
233.88,25.25682077045889
233.9,25.25682077045889
233.92,25.25682077045889
233.94,25.256762906093186
233.96,25.256762906093186
233.98,25.256762906093186
234.0,16.021485552372706
234.02,16.016510256907406
234.04,16.002838369318344
234.06,15.981903504559059
234.08,15.955165790263427
234.1,15.92373240448267
234.12,15.888473161063622
234.14,15.850480082153394
234.16,15.810364344890358
234.18,15.768726164792005
234.2,15.726257400688734
234.22,15.683301546082236
234.24,15.640400586414188
234.26,15.597864101263065
234.28,15.555987493188017
234.3,15.514954955739434
234.32,15.475127001998876
234.34,15.436653879066167
234.36,15.399590274764913
234.38,15.364237191195373
234.4,15.330543084122901
234.42,15.298619233160412
234.44,15.268632293649349
234.46,15.240584244178352
234.48,15.214475146326272
234.5,15.190303011537909
234.52,15.168172097937799
234.54,15.148000488173254
234.56,15.12985725159324
234.58,15.113608237155056
234.6,15.099261722099905
234.62,15.086805210075212
234.64,15.076148849377734
234.66,15.067264608589118
234.68,15.060084234727954
234.7,15.05452173109517
234.72,15.05053690401129
234.74,15.048028107816082
234.76,15.04693245326845
234.78,15.047161728676057
234.8,15.04863172122809
234.82,15.05126861486205
234.84,15.054968510685427
234.86,15.059672908012963
234.88,15.06528400523003
234.9,15.071743456873488
234.92,15.078913316060673
234.94,15.086767815589509
234.96,15.095233652628206
234.98,15.104195257989572
235.0,15.113570384646843
235.02,15.123378085771717
235.04,15.133453426398118
235.06,15.143831880007886
235.08,15.154338701781704
235.1,15.16502563363934
235.12,15.175839700752958
235.14,15.186593925975496
235.16,15.197433820717153
235.18,15.20817363745092
235.2,15.218835328747865
235.22,15.229374927251246
235.24,15.239830034148167
235.26,15.250084919504005
235.28,15.260101016642516
235.3,15.269927362140962
235.32,15.279447219904643
235.34,15.288805863356098
235.36,15.297800385193998
235.38,15.30658564858901
235.4,15.315048794033537
235.42,15.32316747794181
235.44,15.331017089755635
235.46,15.338581624580161
235.48,15.345747227609554
235.5,15.352696037750817
235.52,15.359216271184112
235.54,15.365496087526406
235.56,15.37142399693174
235.58,15.377092617154128
235.6,15.382389959418466
235.62,15.387411567512126
235.64,15.392150790294084
235.66,15.396601430441605
235.68,15.40075773799601
235.7,15.404614404032554
235.72,15.408166554516693
235.74,15.411518079280198
235.76,15.41455743090012
235.78,15.417389998978425
235.8,15.420013469316368
235.82,15.422315913428578
235.84,15.424404620582138
235.86,15.426388244088859
235.88,15.428044860784706
235.9,15.429483236234178
235.92,15.430813141048873
235.94,15.431922987122453
235.96,15.432923084717526
235.98,15.433701747293867
236.0,15.43436973525878
236.02,15.434815349062134
236.04,15.435149710804119
236.06,15.435372690699365
236.08,15.435372690699365
236.1,15.435372690699365
236.12,15.435261193546037
236.14,15.434926788560634
236.16,15.434592513319268
236.18,15.434147014892904
236.2,15.433590466472328
236.22,15.433034278910181
236.24,15.432256222927803
236.26,15.431478875122433
236.28,15.430702236014117
236.3,15.429815516919444
236.32,15.428929724919634
236.34,15.427934318046601
236.36,15.42682968903854
236.38,15.4258367648894
236.4,15.424734897155668
236.42,15.423524523757461
236.44,15.422425714189153
236.46,15.421218708351143
236.48,15.420013469316368
236.5,15.418700680412865
236.52,15.417499141876553
236.54,15.416190394487161
236.56,15.41499256487705
236.58,15.413687868156098
236.6,15.41238528843502
236.62,15.411193118850099
236.64,15.409894603576186
236.66,15.408598212443287
236.68,15.407303947877814
236.7,15.406119408886159
236.72,15.404829226982827
236.74,15.40354117865991
236.76,15.402362344023395
236.78,15.401078391712813
236.8,15.399903315738811
236.82,15.398730040188259
236.84,15.397558566863593
236.86,15.396388897559365
236.88,15.39522103406223
236.9,15.39405497815095
236.92,15.392996497379047
236.94,15.391833897224334
236.96,15.390778560964439
236.98,15.389724724130245
237.0,15.388777554069746
237.02,15.387726569743906
237.04,15.386781969053656
237.06,15.385733841921748
237.08,15.384791814802183
237.1,15.38385100819896
237.12,15.383015761046899
237.14,15.382077262402152
237.16,15.38124406823804
237.18,15.380411841198498
237.2,15.379580581928582
237.22,15.378854024446342
237.24,15.378024581475433
237.26,15.377299614238883
237.28,15.37657538978802
237.3,15.375851908548094
237.32,15.37523237362766
237.34,15.374510273760453
237.36,15.373891923497833
237.38,15.373274120419952
237.4,15.372656864790857
237.42,15.372040156873899
237.44,15.371526652190502
237.46,15.371013528196809
237.48,15.370500785044126
237.5,15.369988422883422
237.52,15.369476441865332
237.54,15.368964842140167
237.56,15.368555836991732
237.58,15.368147076043384
237.6,15.367738559371626
237.62,15.36733028705281
237.64,15.366922259163166
237.66,15.36651447577878
237.68,15.36620879874276
237.7,15.365903259315662
237.72,15.365496087526406
237.74,15.36519086931097
237.76,15.364987467007186
237.78,15.36468247833484
237.8,15.364377627430732
237.82,15.364174470048242
237.84,15.36386984882836
237.86,15.36366684459802
237.88,15.363463901644947
237.9,15.363261019978502
237.92,15.363058199608039
237.94,15.362855440542903
237.96,15.362652742792433
237.98,15.362551416913112
238.0,15.362348811152124
238.02,15.362247531272786
238.04,15.362045017522242
238.06,15.36194378365336
238.08,15.361842565123622
238.1,15.361741361934191
238.12,15.361640174086224
238.14,15.361539001580883
238.16,15.361437844419331
238.18,15.361336702602722
238.2,15.36123557613222
238.22,15.361134465008982
238.24,15.361134465008982
238.26,15.361033369234162
238.28,15.361033369234162
238.3,15.360932288808922
238.32,15.360932288808922
238.34,15.360831223734415
238.36,15.360831223734415
238.38,15.360831223734415
238.4,15.360831223734415
238.42,15.3607301740118
238.44,15.3607301740118
238.46,15.3607301740118
238.48,15.3607301740118
238.5,15.3607301740118
238.52,15.3607301740118
238.54,15.3607301740118
238.56,15.3607301740118
238.58,15.3607301740118
238.6,15.3607301740118
238.62,15.3607301740118
238.64,15.3607301740118
238.66,15.3607301740118
238.68,15.3607301740118
238.7,15.3607301740118
238.72,15.360831223734415
238.74,15.360831223734415
238.76,15.360831223734415
238.78,15.360831223734415
238.8,15.360831223734415
238.82,15.360932288808922
238.84,15.360932288808922
238.86,15.360932288808922
238.88,15.360932288808922
238.9,15.361033369234162
238.92,15.361033369234162
238.94,15.361033369234162
238.96,15.361134465008982
238.98,15.361134465008982
239.0,15.361134465008982
239.02,15.361134465008982
239.04,15.36123557613222
239.06,15.36123557613222
239.08,15.36123557613222
239.1,15.361336702602722
239.12,15.361336702602722
239.14,15.361336702602722
239.16,15.361437844419331
239.18,15.361437844419331
239.2,15.361437844419331
239.22,15.361437844419331
239.24,15.361539001580883
239.26,15.361539001580883
239.28,15.361539001580883
239.3,15.361640174086224
239.32,15.361640174086224
239.34,15.361640174086224
239.36,15.361640174086224
239.38,15.361741361934191
239.4,15.361741361934191
239.42,15.361741361934191
239.44,15.361741361934191
239.46,15.361842565123622
239.48,15.361842565123622
239.5,15.361842565123622
239.52,15.361842565123622
239.54,15.36194378365336
239.56,15.36194378365336
239.58,15.36194378365336
239.6,15.36194378365336
239.62,15.36194378365336
239.64,15.362045017522242
239.66,15.362045017522242
239.68,15.362045017522242
239.7,15.362045017522242
239.72,15.362045017522242
239.74,15.362146266729104
239.76,15.362146266729104
239.78,15.362146266729104
239.8,15.362146266729104
239.82,15.362146266729104
239.84,15.362146266729104
239.86,15.362146266729104
239.88,15.362247531272786
239.9,15.362247531272786
239.92,15.362247531272786
239.94,15.362247531272786
239.96,15.362247531272786
239.98,15.362247531272786
